28552
10735
18951
14578
13081
18958
25307
27468
7347
3130
7299
19638
15999
2833
22894
3535
20707
14689
20728
29291
1025
10129
28457
18584
16321
8739
17416
21408
15935
16130
21851
26778
-1638
1204
6797
29813
27432
12988
27254
3921
-1524
27502
-463
1654
4757
11482
27186
2114
22637
1576
-905
17631
27543
16696
15237
3911
5426
4859
20769
13431
22699
24984
20333
27082
9320
14149
10014
5480
25488
18176
23123
4010
26870
24989
-1084
6208
13605
17263
23022
8934
29300
73
26752
20274
15584
28577
12965
29531
4342
6502
23075
21922
3663
-547
6041
9984
19073
21915
2461
2145
22450
3145
10512
2696
1598
24018
15632
19920
15562
2336
22320
22178
-967
14058
5168
23396
18809
21464
26174
4264
13193
28262
26173
17010
6604
5936
14797
13870
7506
-1649
17121
12808
3870
3129
13675
2355
8185
27557
13341
6634
1371
10652
498
25250
20057
22649
1105
7437
7610
18825
-941
19864
20658
7092
22296
3811
24303
26705
19813
7115
430
21967
-1388
22088
22103
15958
28368
-425
7902
6908
12721
3972
13115
25205
201
11848
609
-983
28489
2102
24603
23113
21388
3863
25682
3637
10461
23142
964
15195
23859
23971
895
14670
27613
25438
12193
317
252
18712
-1280
19962
25867
20234
11191
28142
26455
-1926
25790
29201
3115
17167
1822
14122
894
-1004
26990
28347
1917
15737
26719
14547
11258
12821
3838
7835
15944
1703
19399
29574
13690
6357
17315
20456
17595
26158
25269
29901
16250
-787
16190
6422
6114
14074
19741
29482
7793
7074
11646
26119
22762
3647
16656
24251
29758
9067
11456
9319
965
9241
7262
15320
23481
6333
23427
12439
26532
4584
19595
-1285
11611
-453
3922
4917
15005
14445
4759
14269
18954
12748
16072
19111
508
6271
15735
19324
20385
26367
2537
23040
19982
3212
25830
4438
12425
18219
14922
24839
12120
1910
6003
158
16913
29255
12
8530
18597
1899
29680
21578
13299
23472
21817
13444
7540
10766
23209
16256
27142
6331
27667
1807
29128
13325
23539
20116
19246
6519
12239
23610
22194
20936
26901
8691
3499
3996
27383
10120
8085
12578
13012
28247
22869
9525
13693
17396
22864
19147
17202
23667
10279
24577
11024
16320
-580
16910
26213
17914
23820
29553
14162
7963
1049
-581
29423
29476
3523
29230
21738
6052
18983
10247
21829
20925
27683
1736
9370
12461
-146
18484
17528
-1315
18456
17407
8275
6194
319
11378
12932
2960
23198
24647
24444
6412
-1124
5742
5502
23114
-462
13503
11991
22658
16788
27168
14747
-1850
20737
25010
21792
3302
-107
10510
5519
6959
20663
1143
7765
18480
14588
11883
25994
5883
5741
6100
24581
25825
28514
8684
16934
21659
13911
12288
8931
19855
-1873
5489
13406
23698
23401
718
7335
16028
-1217
10154
26897
6558
18086
18792
8173
12377
8874
18829
24053
21926
26827
22648
2738
15984
20716
21562
20014
20955
15690
15431
23029
11180
5717
19377
2498
20667
3772
17618
27704
3304
14181
27247
-819
23199
4522
19415
11568
28340
6551
11183
13704
11559
-464
8329
20066
19590
25000
26928
1398
17972
6836
29401
11677
19527
25091
-1720
5382
19315
8649
6619
20358
28572
11160
24559
2534
12991
21767
2990
5388
28639
26944
3898
7163
24783
13266
5961
24449
2743
5757
17025
13737
-92
290
-556
5862
3683
10461
28656
11603
12105
-1176
19141
-1200
28453
21390
22117
2332
25468
12326
14844
18401
4561
23049
26319
28873
24891
24240
10245
14431
18093
25308
2744
22249
4192
21042
2280
1436
22906
13568
10078
17448
21551
19034
28654
9520
29044
6393
11513
19003
2353
4699
11274
23324
22387
-842
15228
20230
24983
19497
11021
5727
16750
1071
25457
8173
15035
26677
26506
25690
3976
1804
5063
26425
-1863
6136
15674
16161
23201
22353
23283
27308
-1643
1986
10638
7530
23602
12529
-491
5431
26685
17873
248
2572
26944
4321
4329
15656
8232
13617
7137
14900
24597
6517
19779
19158
28032
26551
28115
14053
227
4481
17013
12567
4783
2040
5157
9290
2674
12201
7918
7637
501
22226
14229
26170
12356
21987
19610
22161
16185
27718
27151
15189
443
17294
27755
21367
24324
23331
8593
21754
15406
-571
24376
28942
23372
3475
5675
15821
22229
1303
13150
21856
24601
3801
27888
28292
8210
6448
-187
2492
24661
20006
28101
14201
281
3558
15099
18900
-1145
3772
24581
3038
28431
6422
21875
29651
22633
17507
25003
18803
3155
27005
-1746
24487
28458
17552
19302
25073
13856
14028
25012
-268
5897
3994
7958
25930
-282
23654
10794
12920
305
18543
22424
20519
2939
274
28348
8350
15554
18198
4444
27512
25069
23618
10461
29170
27277
9381
23768
25111
23704
3838
28906
9982
17295
12200
2853
3771
9320
4768
4202
17687
-1523
15126
15639
2881
21194
2274
29111
-593
24791
12431
6737
27646
29763
8578
3890
4470
-1520
21957
5527
27089
23647
753
-953
5122
-735
10768
8317
10642
1756
18860
25897
22668
464
-1958
5421
24542
24937
5817
17986
1688
5225
11105
26049
29208
14998
24112
4579
7018
17163
27744
2917
13027
18750
16723
13055
16328
10801
3498
18317
18947
14679
11673
15232
14817
19784
20906
23463
24881
22326
28323
28815
8166
-475
1007
22894
9564
16807
-750
22716
28596
19553
16874
6427
20632
14500
26556
21993
28705
381
12382
15150
9880
12410
-1331
20564
19460
26488
11192
27598
22388
1779
5651
21771
15466
2362
20363
24955
21797
4115
22213
-132
8845
18529
21637
29552
1980
28819
963
14442
14635
19825
6595
26405
1116
28913
19274
17656
12293
22072
6122
4092
15785
13116
11170
15211
15488
16120
1004
10429
2254
24285
13419
12664
17185
27849
3500
25123
24133
29730
13672
10469
17691
20991
13032
28527
29863
22810
-1273
20413
3687
8539
2941
26644
9517
13029
5290
26541
18674
20272
28834
22833
27307
4588
4272
20373
18565
21681
18940
3730
28016
16088
760
16352
22047
26464
-975
27544
21335
19922
22929
12647
1566
20083
26995
18691
-1233
9685
2498
9813
25704
29317
18660
2602
15116
29841
1880
25598
909
8605
16470
8361
23171
27960
12442
9269
4163
25281
15949
6173
19220
29093
20414
29106
2101
4704
20501
19970
19764
15826
14613
28429
5990
1696
27870
29528
22146
24825
16420
20138
13640
9848
28602
2324
24071
24316
16621
-1976
-1676
10174
26311
15219
10919
3897
13146
2394
817
10806
7821
25568
7189
7162
10809
13056
11469
28729
28482
4741
15720
18124
23740
16941
22048
4371
432
9253
7411
12596
3724
17787
5574
27479
9999
16498
3043
5205
3908
2644
3539
28042
11694
3397
17076
10328
25263
24242
18957
5221
21580
4236
24460
23529
19421
19358
27075
973
26787
24330
3206
15650
27026
15480
25941
18979
23240
18528
15613
14071
7810
18381
8082
11308
17019
25277
25392
21961
22727
11426
17745
14962
10400
4378
15673
22312
2627
18876
2173
17697
24321
5287
5103
24132
22875
23220
24822
16520
23941
1744
-414
18071
27848
24913
4002
5253
27072
15729
29927
27915
22916
14799
22052
-593
15662
19598
1622
6466
6453
6809
21794
6634
3531
15566
10872
21076
5036
22448
8106
20005
3133
4176
26478
10120
-379
17574
4533
26317
27321
15363
26401
21897
26791
20752
3325
29775
22416
14152
10081
135
25119
18322
3702
8
22068
20117
9390
1437
3138
23706
29254
21564
1554
17662
721
13258
4434
27370
6172
10524
5102
21674
3856
4120
21116
11432
14733
5574
9385
13619
29470
1295
2002
8829
20745
8460
16801
2819
27321
20663
28779
7712
1811
-187
4911
17563
18245
2533
22564
19553
25682
25543
23657
8951
13097
10896
15109
-1444
199
15272
17074
9980
25268
16295
28528
15188
19566
4132
10756
24996
3951
-909
5806
27334
287
16375
26911
14221
24073
27198
9030
7480
19791
5241
3358
10546
14369
19156
8838
-709
6695
12021
10968
22744
4091
23146
5614
19382
24701
2743
16434
5789
22972
6732
5481
7217
22526
13437
4522
20035
15158
14845
15540
7094
20886
12596
14063
20345
8446
11048
19686
23588
27716
23075
9708
12076
21696
15274
10119
7563
24076
16835
27855
2291
20845
6724
-1229
18325
20394
29042
21365
5574
21587
11060
5990
10028
1461
28204
25214
25228
2190
9538
7170
18993
2676
8222
29455
13793
21346
3734
18251
29289
26933
15611
11656
7117
22905
4492
17253
28213
12529
13628
23713
6813
-1961
21
17001
17409
22208
29561
7453
19419
20073
20025
24737
4945
5908
15420
11968
14330
13607
27972
11866
12763
28009
6966
4359
18598
26361
7411
9310
16047
28230
-1010
7531
2020
13174
14684
20945
5457
6965
-118
1655
1696
905
3018
6340
7951
7272
2067
27699
17685
21673
13320
9443
8419
22745
19656
-1112
19856
28516
11381
6796
4359
-128
26576
5877
18292
2057
12598
19381
12050
22253
5559
19634
9804
1416
27230
17193
2346
7320
12183
10748
26584
21445
4549
13721
29882
10888
5736
22402
9279
25068
4699
-1732
13248
2662
10553
27997
2768
25840
14418
59
25746
6845
24993
17761
29258
10979
8269
3190
19574
6135
2401
18250
4638
15958
25656
23174
15333
849
7756
7231
9951
4613
1979
20590
18752
8741
17239
-1687
28445
27007
14313
18568
-411
28139
592
-1844
928
8194
23590
-1291
9624
1397
29455
24590
15832
10183
26709
6949
5900
7221
9171
17034
5566
27273
26675
1332
5586
11128
5894
57
14776
28685
5881
26505
23883
26789
10735
5068
15480
12502
27067
23069
2754
14445
23639
20103
22509
-451
5806
1451
26403
25818
1980
9347
4863
11876
5074
24286
9117
4401
26748
-1828
24812
14076
-1031
-582
19663
3576
17875
883
10914
23517
29848
10113
22118
14460
1549
22304
17981
8506
23181
11297
13269
4449
19522
17368
23521
14255
29376
13098
26153
-1959
14112
9328
10393
21481
9788
-1469
3386
10851
5480
8447
14250
2398
17793
10407
19694
19431
9034
15114
18711
26855
26031
23731
21589
5631
18223
17286
943
18545
19116
17305
253
11918
3806
12349
17763
13969
24502
3358
12166
3031
15724
9130
-199
27495
5025
27337
11820
25646
23910
-1042
-785
15786
-1131
19889
28683
15369
26504
9122
-171
25824
24693
-1679
8689
25526
16607
23304
3913
13532
138
26803
21441
21440
13207
13875
23160
18640
12651
21449
2373
4887
5254
11172
14356
14186
5190
17792
21323
23520
24558
22438
9561
17735
20824
8122
11889
24601
17099
11719
19515
24049
20553
8344
19785
19324
8502
-730
10407
14461
24898
3708
23689
13204
27717
18055
13934
2320
23434
-190
10208
9038
28683
28540
5014
17176
25539
8663
14091
20852
-1449
-1015
4762
26826
17273
3249
29275
27339
1573
17809
26070
7209
23023
21100
28001
23157
3122
20947
26561
3761
3936
19716
24814
14019
13744
15602
11524
29571
-543
9777
19860
10237
4072
3691
24390
17514
25723
-1574
10247
26889
29905
17011
17890
-215
12950
25873
2687
8448
20933
-898
5893
15762
23989
7851
20850
8822
27975
29494
1656
18594
7836
26551
17608
26686
20683
28009
6878
15015
17872
24640
16581
19953
14932
7932
3071
25439
-1365
2494
20355
10235
24361
17541
2472
20324
27994
26368
20264
19241
22214
16863
7105
12703
29433
26659
15420
8188
16924
29693
27327
-768
24782
21465
-1515
18215
4773
11023
21508
10751
8371
9130
23759
14413
17697
28349
12343
14807
-1053
3549
-320
-477
6051
20509
9413
25674
13088
16921
19983
9357
4426
12096
10504
28797
17239
25177
24090
29986
26647
20631
-623
28943
26442
369
17376
13364
25513
11005
14446
13201
9283
29179
17870
7405
-1311
8391
2916
9285
6995
4933
18809
23243
2892
9519
3682
-43
17932
15480
26426
14251
-37
6413
8940
14790
-343
19395
22938
27713
24600
6954
23771
27542
17155
19652
21598
27538
6998
20150
311
8339
1173
10409
-924
17759
25090
1755
11291
12795
7627
3953
13006
5913
15819
4809
6217
25915
10550
-221
20870
-1693
25269
9131
9179
-1952
15950
18717
19542
17055
13374
433
6612
24243
-1350
12379
20939
5588
11936
7648
4664
9100
12286
18758
3831
1276
7678
26727
24957
19739
13111
18895
23013
14396
14810
-1261
21810
5073
17615
10079
12050
13696
14804
22918
9126
22611
28662
13891
2602
26431
23619
16229
12595
27048
7704
-1059
2263
-1454
767
29853
1335
20775
14219
10421
24514
10997
7021
17329
2906
18253
5351
14899
-980
13207
22550
26778
25288
11529
28507
10107
11533
16251
20899
2415
-769
17091
860
21266
18925
7470
9783
961
16306
11920
23872
11703
8700
5964
-1860
17925
20825
8243
24239
-120
8734
18058
-614
25258
16876
-1048
15529
4064
9088
16277
-1809
3983
13896
5625
3369
11853
18673
-1077
18588
5655
6477
1362
16749
26896
22714
29202
16994
19823
3408
7944
17623
1428
17865
20150
3158
28832
29119
14034
21368
1004
22460
18203
12259
16246
11735
27610
2370
16316
19048
25042
26541
17695
27214
7805
18101
5600
2321
18446
15281
7179
-643
3506
-253
12524
15256
5637
19227
23575
22918
19348
1860
18311
24360
5889
3300
7912
28210
21745
24566
-1497
3070
9680
12326
23598
8193
8394
13344
3159
1587
28700
14157
25116
5370
12734
23562
4227
20789
12727
9372
23059
29102
12703
7650
1441
795
1813
20210
7758
11614
4678
2925
12027
29875
1802
25809
23400
18765
17750
24428
18626
4139
23122
23987
19881
6083
18753
23437
20330
27122
26806
29162
8509
7890
11798
11077
28142
6277
22773
27065
24669
27687
6369
3081
16424
2860
7431
18362
24292
21910
7607
24884
22296
18272
28669
9341
3627
16465
27930
21281
12815
11536
-504
23363
23826
27833
17252
4857
25513
4998
13472
19446
-231
4936
14205
27062
24992
22243
1492
616
8666
1669
15711
16057
18822
1534
18963
23506
4719
19256
16877
12267
8439
689
23048
-1544
16982
5165
-1439
17579
21475
7015
20530
-1971
14809
2335
26526
26438
21573
-566
13452
24394
14216
16045
4081
22948
-767
6752
19024
22946
16848
27515
27772
5851
-1208
3736
19596
26441
23840
6205
3021
4397
12621
27102
6781
12858
14870
2056
11472
13094
364
14162
23225
1316
27709
22076
23518
8903
7232
27336
21894
14456
3496
-532
9264
5695
-527
-488
20686
29477
-357
20789
22227
-1421
13619
3789
18894
3898
16318
21919
23022
4865
12106
-382
25811
6815
6105
4332
6874
3157
13997
27106
1237
12332
23013
9988
11777
19200
9739
20465
29695
2103
7607
-1682
22423
11333
1338
24580
15013
7302
14372
-1525
21239
19697
11301
29083
22908
1572
20572
17306
23458
21930
-885
29513
14609
-984
26319
29704
6891
2722
14764
4618
22685
6064
11920
5191
5328
-947
-1509
28796
18441
15628
27383
4187
27169
603
13489
2367
2431
27810
-643
10825
11872
26381
-34
-555
-1236
8538
19316
26575
2666
-444
3045
-45
16339
24756
26741
24584
11819
25449
16502
29076
28615
2665
3931
19765
13933
18189
20966
-1693
13834
24195
16653
2735
1262
1328
23144
28416
185
22472
10812
7272
11467
226
22071
8163
27998
-1086
28364
22812
21564
17047
-88
14005
24518
19401
25526
454
20998
23065
13708
27230
15799
6767
12660
798
1230
-1089
8916
12153
29713
7343
2484
21066
18955
16981
1668
27623
21544
7262
14419
8493
-1352
24191
13936
14561
20240
13407
-1472
3384
122
24068
5899
12548
18809
23889
3157
199
28443
26526
10255
5678
23590
10291
4766
1279
15629
7847
5749
610
6126
8896
20909
9966
14354
6476
6104
-508
7381
18806
5964
5848
26811
23750
23858
24449
6107
4039
25678
19437
15424
2732
29368
2583
8396
13998
9265
-1412
21377
165
9802
23753
18794
29458
9278
13973
12363
7525
22556
4380
21568
25528
5643
4330
22583
4576
8523
28759
12063
24711
22226
6088
22784
2684
16488
6775
26783
18339
2755
22647
-1612
27284
25035
20156
3473
10356
20259
12932
22337
2726
9086
20253
10779
24800
29434
1496
-1946
1421
5718
14354
20620
28728
3617
-588
19532
4113
28324
-1689
19110
5121
13116
24666
28778
17370
9718
6196
5120
14149
29077
21908
25937
20320
10047
7555
16471
14648
-191
16140
12378
3988
28213
6039
23466
24714
22706
25258
4029
21891
27186
10402
21982
6049
13315
10701
18561
10610
4758
2014
22636
8845
15242
20349
22553
21458
25963
2897
8117
22707
8514
20840
5711
5620
22452
5350
4218
13288
10482
27444
23802
21976
28799
18341
23634
8663
13011
2404
10089
10732
19414
4204
2224
15273
20955
17784
27046
7571
1219
29350
26934
2873
13274
5676
2783
8674
28343
4348
4067
25097
11589
-516
7379
27857
5055
-82
27374
3601
19110
26163
26818
29949
17526
17575
3463
782
21963
8357
29220
912
27593
14801
2387
18293
941
12005
28971
14960
12821
12146
18693
14058
17560
26521
28294
20160
3854
774
3508
-43
29575
21477
4525
23362
7569
2361
-1446
28340
8585
3071
2786
17074
7293
20494
3628
20106
4267
19433
-803
12096
8897
23735
-502
16340
9528
29214
15031
27074
21129
16741
17845
14484
20654
20132
27723
24473
29129
25581
27
19642
1423
26906
18069
25580
4429
22306
20352
19505
17000
11109
4119
27578
10343
16601
27292
22450
-1455
5035
12905
28033
5588
21294
4605
12169
1132
9324
25042
3132
11009
23882
11035
7177
6748
2125
15011
14
3202
3673
21195
6327
3208
28311
862
19984
10107
29001
4071
-734
12277
19566
18605
9491
26815
25257
-1234
16299
15983
22860
5437
20892
25070
26468
10253
17709
5943
6514
9071
22271
21167
21375
6215
22431
17910
29823
21863
21255
21694
4844
25720
28903
883
-366
28506
10438
24619
17869
19424
3023
26737
22044
14171
7765
13229
10835
29414
24059
16195
123
26161
9061
13726
2964
-1980
12156
1189
7760
19404
3071
25313
23080
16655
5027
9805
28224
23497
6412
12070
19711
-1363
-963
14602
13676
7407
2909
17076
11384
9586
630
27586
16631
18191
10275
10000
23664
-465
27489
54
9212
15899
11965
29898
12749
12492
-1081
26844
13249
15322
9031
10392
13793
19654
20992
17024
28135
24206
12906
1992
1510
8672
23366
19521
22948
26638
1640
25814
4766
28605
39
17987
7495
19957
20733
22457
8379
4428
12473
2062
231
29284
10560
17235
742
5217
11153
4890
16114
5623
9120
8667
5066
21819
5146
6464
15304
29428
18739
639
13210
9879
21020
-530
9324
12727
9674
9020
20312
1123
2621
27813
11222
21423
11415
6723
542
22469
-863
12880
952
10512
5633
3646
15
9550
3187
16605
24865
18739
4685
3820
49
5448
23292
5468
13330
21365
26705
11904
24307
28163
17224
9895
13151
13465
3566
-1812
12463
-1595
18922
24425
20173
26488
12116
20012
18944
28364
3046
11633
29030
279
6773
7129
4550
18663
24581
20100
21083
9988
-1827
7183
5413
20000
26591
-182
19197
15122
21027
8375
19449
2470
20336
3825
14572
16630
10279
20454
8461
13098
9694
29978
4493
11898
20334
7071
21464
10128
4514
8668
21917
9899
5249
20181
2565
-813
429
24508
26254
21986
-922
25021
4777
16045
5504
26885
29752
21952
25002
4345
25177
17204
18024
26585
-236
24549
17949
13762
13965
9106
24201
18121
1431
11061
22270
4401
9378
12618
11836
1687
26061
28529
11412
1183
-316
10294
5806
5235
24855
18425
13373
26619
3481
2879
19625
13466
8476
13498
23644
14771
-1657
18266
7437
15562
24089
28207
25337
21670
8587
17764
7973
26420
29595
11443
18501
6509
3091
-917
-1481
12073
23896
23128
15786
10492
22571
14426
11783
12738
23194
13669
4199
13203
16577
14149
-1301
5206
14418
4543
7597
3502
591
16633
28097
14735
8567
22991
16012
25272
29595
14675
25899
-1098
11905
24933
28385
16091
10744
25269
26398
12590
15584
24427
29521
19317
24462
21585
11327
18519
9926
21362
24479
9233
19155
23221
-394
3195
6324
-1773
24331
12205
16743
21006
1354
-810
27911
11074
18135
9829
6264
8265
18031
6927
12754
7338
1853
29483
25609
17208
268
11319
4593
15951
4754
11879
24214
18089
21764
2358
2085
26713
25429
6177
10591
25696
9661
7856
16336
-157
1709
10862
17117
26147
24607
3575
-12
10530
26827
3536
9747
12223
1323
-47
20175
18455
3823
9544
24913
26073
16569
907
20121
18566
11484
-1140
-1544
5053
3517
2815
27099
20515
-637
-1248
10097
9998
28374
9730
7200
77
13484
8052
23959
-151
23782
4871
1356
14736
23900
13379
-58
5495
19604
16852
426
28859
9486
19179
4542
14174
22883
-1163
2804
5124
18524
14038
8886
29096
23239
12364
2203
27264
1386
15506
-652
20449
18028
22568
14416
28660
2729
13069
26283
8917
29212
13092
25280
29405
10693
1721
29242
20025
8838
820
27463
1853
8644
8774
24826
-1616
23491
4782
20278
22579
5902
7228
9944
10745
20551
3483
5545
3512
20545
25774
12853
26670
28035
10176
15170
25185
9278
19464
12747
23520
7972
23378
10788
11208
28796
17702
22733
6703
10891
26514
25967
6486
27399
4910
-283
12146
11563
17415
15066
6052
16592
16033
3916
184
18589
2588
12927
29956
12896
25011
17247
11278
8346
15506
15885
13161
2035
10644
16913
8361
96
18043
26655
27483
-873
27188
22809
17699
18722
17342
1223
27363
22024
9388
11565
28999
27068
-1900
3742
3695
5016
26769
15374
17615
18370
11659
2466
4338
24881
22140
27067
14285
4871
18206
14828
25434
28496
2706
2278
15033
9084
18911
25947
15767
15555
769
4048
23628
5324
21597
15523
8019
12329
9286
23701
6550
4683
19139
26194
27249
14168
24441
18636
-393
851
6978
16027
28201
6155
19665
6802
23654
7376
463
16528
16119
19665
22369
9672
7887
7997
19599
27412
4238
6805
7758
27571
7931
15623
24417
11341
21383
5683
22750
4088
24499
29736
1973
26969
28971
15476
6805
20572
5468
21188
28907
22670
18485
14450
983
4708
29743
-883
23308
5675
24260
15330
1619
5094
8397
17392
8313
24035
24123
5818
16917
21828
23660
-459
21042
14271
18039
9091
14035
25552
21846
21325
15002
16668
2205
25378
11091
-1272
27480
29018
15523
13656
12686
20801
26758
6213
10909
10276
21160
24689
17750
8665
6890
5232
18715
7448
13799
15762
218
9887
28007
9574
23246
21790
18788
23487
29415
26620
15460
6811
26482
1735
5564
23779
19228
850
3734
4050
7061
14432
26532
25952
-200
25659
29285
-324
-175
18501
22118
19644
24328
14096
3483
21364
15972
15884
17034
22739
13380
12513
11395
15216
16338
24780
16084
4056
-1924
25683
24603
18276
16387
18843
23770
23331
9276
1284
5132
28335
21201
-1334
19734
9176
17951
29906
3450
16061
28806
12082
14456
4563
28943
160
3080
22835
11826
23049
16665
24501
12305
-1922
18160
18295
27906
7621
18950
-1872
8227
4276
-1013
7198
11741
8278
25773
27422
764
25222
3428
6122
3717
13398
23817
26799
12425
11834
27027
24535
17432
6862
28010
20864
5018
292
11005
28144
-225
28213
7572
25068
27956
6424
4313
3549
25880
27705
28669
20775
27172
3404
6009
11107
3849
5205
27842
14997
16934
28967
8061
28271
11096
15649
17415
18708
26813
23290
1687
3290
3216
4759
947
19960
26654
-458
2402
10742
4819
-158
29128
2575
7534
925
12543
-573
14724
29001
12944
23819
20666
14562
13604
16200
25270
4576
8035
4208
25537
29126
2132
18014
22840
19796
6604
27281
1432
27636
5696
23457
25006
16952
7009
23922
2228
24814
12172
27907
17593
2606
15672
19119
9769
5613
6266
18763
12777
15875
20259
12939
17304
23329
22230
12289
12435
1445
23561
21119
6286
19145
2372
4914
20001
23781
8406
6994
14845
24840
20278
13605
19685
-1863
18744
-349
16779
17824
26745
8323
18279
5608
18230
10444
618
24865
23740
19700
-110
15234
23961
28054
17613
10502
2560
4456
5317
26660
4984
18602
6837
23259
-1100
24059
6662
4807
25731
-245
14140
21790
19291
16161
20493
22224
25611
6578
14135
16885
2662
10983
14352
597
23516
24760
29746
21652
20252
4842
17844
29715
359
6395
-1871
17158
1722
17825
18686
3012
18180
18699
-896
3545
26223
19238
21834
21780
29816
27722
12335
20292
23587
12261
12085
2399
9904
-75
25393
24430
20861
-1633
26439
22718
13214
21259
17325
19954
-578
4773
5490
29555
16634
26049
23599
9542
7915
21504
2422
12902
12273
25807
26816
8361
2431
10979
3158
23743
2106
13797
4221
4442
7068
12075
14410
2219
-1017
13191
29287
23557
10103
24137
23675
15642
21813
24168
28019
24206
8603
18635
22024
17921
25857
1517
8336
240
28357
25580
23938
20388
-1412
21376
18629
26426
26177
21475
24416
16504
20608
25263
19011
8251
16455
3496
6700
16452
3509
24823
-227
18006
7313
27977
7991
-1275
10987
13817
-104
-1705
13117
16813
2183
17594
18353
15130
18117
15866
5596
2784
7492
4268
2531
7681
29211
1178
23497
3141
21315
26403
11102
26216
6879
10534
10610
15903
12780
18492
9636
27277
1139
22580
11473
10356
19747
21208
27511
23659
13466
5418
25561
23381
16918
25455
29633
5065
25456
-1833
22047
5504
1201
18094
9607
13792
6493
3406
15073
16969
6743
19943
10602
8040
10129
14746
8722
13741
10092
7206
-861
26609
4409
19118
21975
3087
17529
28224
1435
9925
-583
4140
20423
29253
20589
16488
10118
8233
21672
20253
16107
611
24020
10587
24705
9480
13189
29503
11756
12049
1940
25038
2202
29117
14699
25258
2807
18438
24414
10177
8328
26916
27044
20301
382
23198
23056
29480
12754
25178
14551
1483
13574
6597
22779
4733
19563
29202
24454
21441
26918
5724
-1147
4041
314
5736
13809
10607
16701
16304
13017
20131
11495
3618
5967
15474
7523
446
13779
11556
21157
24952
29450
15655
16045
263
29944
7688
3987
11279
26000
13187
29298
22852
18262
4355
12677
13983
26900
20133
1154
17779
10693
18606
14190
18655
11316
1334
16981
21662
27050
452
19897
13862
15651
17868
25389
24872
8600
26145
6890
28782
6378
15251
2464
-1619
12055
8691
26564
2634
20070
24872
19390
20783
4999
685
1192
11131
28427
26298
2411
6443
7544
10183
27938
18662
20243
2986
24039
13991
784
20858
16823
10062
24625
27688
18794
13366
7321
1350
2529
12845
28741
24285
4057
16859
2250
25160
-92
11265
7691
15746
14964
21463
15968
20798
6339
7874
21610
21567
4341
22038
11454
26535
489
21897
11561
14096
22398
27748
21255
1382
8874
535
5185
-378
21889
20663
-1195
-1076
6301
19364
13279
22661
4596
4582
18566
24898
27912
9268
19806
28707
3648
6324
15242
26450
-55
4603
-1814
11923
11893
10651
2672
18777
13912
26123
-1400
-707
8756
2288
3938
5991
12079
28651
6133
18328
8200
15397
25306
24405
1326
21597
17171
29916
21288
7299
2664
29273
27026
8180
23107
6556
684
9618
3020
10861
13463
19685
18277
19567
4800
26940
18461
668
13912
18170
16831
-757
15889
12347
18034
24727
6500
1671
5874
9056
21785
18994
28868
12573
-1080
1086
18427
16230
12483
14056
16727
27930
-805
14660
24776
21651
25125
83
2675
25295
9641
4931
2130
22075
23008
-1967
8189
12577
20307
7662
9306
10925
11705
13236
8623
3605
4533
20758
9630
10907
-1921
18420
28929
21077
29387
-176
13690
14285
2004
19250
28306
9710
13776
25227
4903
804
28238
20346
22834
4424
19188
12261
10824
12522
2290
29047
23633
23934
7404
22294
-940
27900
17489
25900
13806
23143
6083
5814
6147
23606
6720
24383
12933
21392
10085
283
10672
24330
22456
24589
7169
19396
16154
23589
20696
20234
1418
9972
25865
23634
5294
2753
18883
1087
14128
22295
11962
15209
18237
2026
18002
22217
5850
2054
17495
27949
20874
11970
8524
14511
8934
22779
1208
745
14717
7566
15674
14396
798
7976
-1534
25452
26490
23764
10595
5975
23915
11532
23019
5077
20569
13269
15719
4421
10239
9193
27763
12573
18548
29999
20257
2647
12084
12840
16587
21339
21811
6064
2777
3338
24141
20806
16675
8260
13065
22316
15175
19833
18938
25630
18450
28512
15110
3508
14008
6210
14869
7270
-1279
1657
3488
6330
4079
6732
1640
10913
-1942
9138
13974
9058
3678
8014
13329
10982
26024
17383
10436
22130
22666
14470
27968
21854
8941
21120
8015
24246
10448
21226
22846
20590
2068
9949
16976
15221
3777
15976
3133
8291
6254
-910
4038
24689
12372
6712
28965
1975
9449
9535
1425
15746
2153
22972
6290
26735
7816
7368
-1878
2328
17628
9012
18239
10345
-480
11316
3187
15631
706
11157
1161
7314
3239
-278
19641
19828
15998
20472
663
-1124
18373
8111
3225
16613
863
26507
2090
26659
4396
5483
5550
24157
23792
5124
1183
1743
20490
20642
18866
8064
2198
12347
14988
633
13437
23001
26281
8883
22245
12017
10356
9310
12675
4058
12827
575
24122
12868
210
2903
23271
29910
10369
28839
24785
26613
16328
4174
4970
8662
29530
10884
28387
18034
5226
6057
-1238
12593
4697
14935
26960
10092
12946
18304
24174
15633
9881
3413
12057
23223
22610
4019
13603
29551
17338
-1638
2683
19409
12858
21384
24714
25499
15782
16329
5593
17601
29900
15921
12068
12806
5406
17418
6434
29047
20012
2476
19801
7306
3743
11960
9125
26009
8434
7181
21561
8423
-1341
14332
23721
1133
8622
23555
2124
25475
12724
22676
7201
2465
9431
-422
222
15043
26146
16708
7082
9979
22382
27350
27235
23231
27814
3821
12566
8590
10163
13492
646
22530
514
23926
810
15005
29022
-1616
5948
10067
23584
15528
24144
22860
3124
25676
21963
14448
3503
2759
10340
26538
-19
4151
22336
28187
6577
8701
3285
10108
29955
3216
5930
13543
24473
13752
4748
15476
16529
29571
19141
22769
21576
20782
17633
22087
-1542
-299
-108
15118
21625
21000
7538
15165
4377
2429
4083
29199
19863
25266
20342
17712
-359
5762
21659
-1693
4637
26380
26131
8018
1694
2598
14839
6337
20196
26763
6916
13908
16779
26742
14594
14332
29716
19201
9059
23120
16722
3986
15978
25073
11307
20860
25926
463
3437
18501
4808
5086
20698
24364
5888
3059
23194
24492
14505
14042
356
14723
26734
27987
7795
9430
14990
8850
9291
16558
4485
-465
2172
28486
14954
7534
19067
22884
7526
17624
24150
4934
10843
7925
9257
16574
1091
15008
11184
24602
27330
11771
10620
17976
1589
18643
7695
23498
23745
23816
26886
25163
20934
17252
15149
5555
25209
25620
26655
28342
7600
7923
17765
10120
18965
2672
18249
11889
18737
18727
3710
27339
15802
5072
11198
9874
9471
-1922
13289
9221
657
1838
27562
4953
22339
18533
1637
22639
21993
24800
19068
17173
9045
29036
26421
27258
28065
12530
1930
2024
29332
11251
25769
21022
12390
8165
16281
7389
1410
25756
29249
7564
6883
10121
27653
8326
8311
18156
-1357
28132
22881
21990
3090
12139
13867
20088
11043
7179
345
5665
29900
10589
-1265
12657
29901
12041
3448
9849
20647
10150
20888
12415
7921
13780
12833
3612
576
6784
1346
7211
21190
20325
7406
5164
11080
17941
21942
16904
27244
19144
1171
-1665
13344
18784
16102
24191
24957
3778
26128
13656
29859
18546
28125
7839
9486
22531
22982
21311
-1650
25683
12430
6667
21230
11090
641
16703
-1166
22624
-897
29930
9795
14630
2425
739
27358
19337
6051
15863
18306
9802
26272
2959
440
23322
3571
16698
18081
2613
17994
26213
6686
536
23438
11494
20915
9789
28234
16563
13615
16884
7325
-1506
12347
16807
28332
11408
19699
19330
9883
6403
2349
18804
24281
-1176
691
14183
5759
23084
-1203
28932
18834
14569
-1429
15463
5532
4407
21655
10884
13483
195
29660
11601
3517
19463
18898
25660
1936
18907
2833
29284
18650
6361
25114
16640
8133
10109
25820
13849
12777
28257
10502
25518
14346
12448
51
21653
6516
22834
6306
25186
17218
173
22972
11581
15079
16753
5209
17501
12117
19199
7246
-1660
-601
3745
25989
-1120
6878
21567
22894
14094
18739
1944
5929
16587
-1588
10664
16262
26053
26824
14833
-1695
4060
3251
25579
26479
26515
23747
17369
3689
-816
6379
29941
-619
17525
28725
13227
10815
29721
12853
18853
26124
24591
2476
7039
24024
16687
29463
22049
27030
24634
19493
23544
26404
27633
16521
4979
19383
-563
16288
15578
14052
6396
11393
29804
22007
20515
15385
4761
13081
4312
18515
17595
21496
19190
17231
26219
29107
12226
2788
9427
27797
24588
13680
27023
19253
4999
21907
6194
15378
13893
11221
4159
15089
21871
14864
5471
25769
19132
2493
28349
18998
3251
6437
16503
20250
8844
2111
18738
27313
6457
19156
8150
17265
26758
14389
13060
18008
6379
7784
9900
1884
5750
7046
23534
16338
22180
20290
14818
16111
9015
27838
17876
4152
13530
25240
24652
18785
23557
24940
19856
15545
22713
15056
-1186
28862
20848
28021
17475
4928
29551
4327
15357
28370
12870
5394
9054
26129
7884
24634
14997
491
21991
18335
20269
15866
8196
10801
29474
28415
7794
28451
12458
-472
5338
-977
15580
20196
18291
11802
1754
20449
29812
-1174
14284
25810
19877
27870
-979
20197
3079
25285
16526
17548
28328
23618
8782
500
17700
7906
6455
3220
10898
8703
13158
9393
24875
17610
2253
2569
-833
20943
486
14713
20101
-1281
14735
1447
2982
14233
9213
19764
26527
17849
21508
96
1673
21541
10558
21061
21245
24549
13160
-1548
19375
12148
29683
-1487
11261
29127
6226
11870
27446
3843
7820
3190
5672
13923
11024
1474
5264
17107
17677
-1155
20644
15325
16258
20833
21086
558
-1685
16405
22149
27972
11887
13977
1766
27095
20820
28127
-26
11093
15930
2274
1483
26986
1492
28868
7917
6538
29222
28554
-1912
-1920
13437
22648
17623
19840
18915
2355
23462
4970
18076
19288
25629
5817
7327
28853
452
11680
20204
-418
9967
16499
8982
29422
4105
20260
-1418
2430
366
24526
4237
755
26530
24734
14308
18109
25797
12500
26950
506
6581
1537
12346
16015
8626
3670
6348
16324
-369
10523
1126
25235
8493
21005
19130
25017
23648
22801
3014
21531
238
15319
4322
13158
14385
21999
3304
10797
14665
13030
11049
12850
19677
3719
13660
24553
-1322
2436
1619
27376
19549
924
7895
5529
8752
3039
638
26659
12638
23513
27516
13915
1237
16009
28301
20650
8345
-675
3655
20436
20619
8938
-1097
27908
-646
25345
8139
24163
-1825
15881
20661
2825
7945
14630
20703
18753
17235
19523
24894
215
9395
15358
5129
3945
27858
15303
7848
3392
-223
2797
29604
24560
19041
21942
3177
26774
-1899
1466
22165
-56
25760
3802
29884
9176
1434
-1818
25387
25188
21823
5023
10715
25388
5681
5000
17021
5198
7190
2470
-1195
21636
10685
8086
25207
10715
16879
962
7437
18744
26514
40
4683
23377
999
29110
25618
5918
9743
16665
6468
20439
16046
5031
28143
132
17092
27445
19850
-83
2918
-1957
8724
15688
11703
21851
17387
1471
29424
4223
18263
15796
8717
16519
19621
2271
-1699
9262
7287
5316
16969
7758
14975
26767
18441
1091
8087
12671
9324
8814
10536
21467
27509
23611
8436
29537
25181
22655
21581
1719
6752
8331
6590
29509
15913
9191
25016
-463
22842
14138
-370
14617
285
3776
19526
5732
14848
21958
28402
27548
23745
5905
7903
16700
14142
9927
24624
3873
29575
20838
-1947
29378
24728
-1583
10460
22586
10907
21722
8023
24784
22812
6615
27087
-624
1063
11121
9725
22656
19446
11664
19598
3110
13531
77
645
17069
21258
-464
11260
5039
21
23918
9782
25681
-581
12052
17929
16649
-841
28871
10824
29996
17665
14073
2859
26832
16533
13984
15771
16214
8361
19322
3657
19283
20989
24311
26724
28002
17739
6839
895
1799
23610
20465
10627
28270
28901
17640
18555
26956
17305
6300
21482
20252
11323
27654
16398
10913
14938
16235
5297
16815
7512
14913
-1609
-809
27576
4928
2826
10430
7509
3319
15341
7245
10148
16691
10874
18587
6767
-1153
27389
83
5550
21611
6043
5872
18256
21446
28351
14799
26464
16462
18426
29230
27623
8761
27029
22340
12228
20510
12409
13574
4076
757
15244
28988
9839
26098
15944
9050
8142
4015
1408
-1282
16254
16950
2907
6728
23307
1514
28691
6001
4880
27492
11522
23007
5618
26030
24428
10994
11855
12744
19000
417
29544
12661
2856
9106
18369
25583
27253
12555
19979
5164
20588
2310
15225
14305
5685
13873
9352
72
-1513
13618
912
-1657
13363
12907
10864
14509
6199
12618
2685
6251
13425
11703
7646
-148
25249
7078
5779
13173
27855
23943
14910
11832
18487
28692
26713
28876
4525
3612
19656
28496
3134
8489
21650
28127
2147
-364
1282
5728
22515
26223
14835
21878
25286
21244
17770
26818
5690
25875
16508
1972
2452
26350
16417
4947
-1379
10712
2373
10511
-525
15565
5586
2502
13133
24969
28509
5395
21125
8677
11523
24689
17422
16515
5395
23466
21668
28540
23163
4381
1799
2972
6442
21889
28898
14428
21080
18823
23842
6913
27460
-1383
-1455
13359
25207
6976
1191
4414
-1057
6392
10462
27164
9781
14761
10514
13103
8145
9021
20870
24499
19323
1580
15376
25958
7616
24667
5050
7862
-1050
4949
11176
28809
2002
23491
15200
7256
22660
19552
19122
25233
-1927
3364
18891
26117
2977
4072
-12
6207
12116
11072
2783
11532
8324
18280
13092
12808
2132
28323
21802
-1250
20782
8059
28889
28480
5153
6567
18369
27523
-1501
14246
13545
13128
11302
3503
46
23930
25671
-1922
7643
13978
13605
22684
22895
13314
23589
29148
1191
5925
5028
23519
25128
21914
21406
27225
11983
676
19916
730
4545
10958
2365
23376
26769
18234
25823
1898
23760
22990
24112
24254
9679
16377
11194
8774
26905
3140
4217
28676
21692
23660
12909
27631
16142
498
8894
14400
3600
8055
4905
16405
7594
9167
-810
1514
22466
22956
3200
13721
3751
5364
5085
14071
23149
12832
295
20965
15967
19731
24378
6729
29503
1628
1838
6795
21023
25581
21647
10645
16198
-1860
28654
25087
27408
13938
4792
20502
-371
27626
22513
25522
22404
3075
10177
28216
11898
16635
2200
5395
18187
1979
5727
8257
22299
28282
28303
22912
17316
21464
3508
22030
26929
20167
7611
28908
18439
19359
24852
456
23787
28281
5508
-988
26352
11780
19605
6286
28960
22045
9759
12327
20351
7265
10274
23975
11441
21945
4511
9738
-498
28323
944
13749
22876
9792
4630
17190
28453
2498
9996
24680
-430
20384
1909
15656
23392
21565
4139
23597
8196
19065
8167
2065
4815
10111
15220
2665
27665
2699
17646
10420
22744
26671
10104
11540
12564
26759
6587
3954
19349
8182
9277
20835
14830
25824
27316
3110
9782
23218
10029
4940
8054
25750
4227
8604
7126
20896
27239
5320
25833
28264
24043
19723
13681
-1187
9946
426
14437
5739
29377
-1468
11777
3554
7826
5136
25807
-442
13173
16994
21597
16110
11468
16420
13449
-1738
27235
12656
24999
-337
14699
-94
209
3695
5136
17942
11208
11467
20951
25214
28318
1526
14810
29146
9926
14975
20005
12938
8882
6698
18497
12003
9592
29774
-869
21077
27105
19673
4375
17205
27174
24819
27275
5116
10783
884
13530
15470
11561
10903
23160
19592
9241
9154
19288
7820
15172
6888
16628
8634
11124
10874
11849
2754
6088
29678
12959
1563
8788
29254
10477
21087
13168
9247
5631
9847
13733
21522
1536
21070
13435
-1515
26721
14777
5487
24229
13774
20020
7562
21073
6030
13970
21684
4700
14137
16900
2589
11462
17513
28508
21186
19066
27331
2608
26382
14827
10432
16856
9930
19292
16766
18193
19774
12504
10454
25567
28622
7073
6765
26786
22944
5559
24808
9204
17281
23405
-1761
11786
12009
19839
25862
11516
8265
3532
27585
10577
24741
21857
5239
9135
10800
1540
27443
9898
4017
3413
26693
3861
28793
28264
9091
11098
7824
12645
27108
3821
971
3003
18915
21182
11639
20965
27111
16233
24537
897
26202
29939
11805
29501
25277
1549
14931
18119
3159
7089
28750
21703
16758
27256
1218
1591
1549
1245
24103
28824
21471
6262
25777
16791
19919
529
24120
10178
12354
9819
27214
20178
24289
26213
12876
16909
16050
6704
13583
14289
17683
-755
3369
27349
12741
26248
1279
13193
18420
28357
2332
9887
19765
20882
4579
17257
18881
21826
20260
3274
2527
15428
-1910
25661
12003
11012
8590
24701
24125
29841
9608
3856
264
-1998
2963
24292
25708
16757
19686
6532
20173
3911
22546
12211
9279
22904
1649
1849
27875
27095
26100
24125
-982
19332
14760
7529
14354
29639
10675
20723
11091
17620
2581
6156
15073
23747
29791
23622
19070
28515
18342
8781
-452
4680
24600
11405
4452
11430
14101
1297
24073
22739
8830
21998
4931
11404
29089
16011
5676
2886
7574
12696
3430
7844
6257
22469
1285
12825
23702
25463
5506
8089
24253
1856
15118
15303
29516
26976
12941
10957
16899
7953
2447
28947
10089
8795
5428
27355
18003
12589
22033
8739
7329
18413
24232
-636
18832
-277
22734
7028
15228
14663
29345
14837
24369
-456
17346
1515
28466
22858
8446
673
15415
16853
21460
21034
4072
26111
9858
20257
16338
22469
1916
7609
19640
8420
29271
15180
-236
24817
11778
23954
18262
1831
20765
26972
8807
4901
19619
9383
1437
16812
9140
12823
143
27502
11502
22586
4888
23577
6354
21942
28622
9806
19207
-876
20164
16600
26891
3846
18450
19065
3804
9306
6917
14884
11605
28573
18783
25367
7465
7623
3892
2001
818
5793
20432
10786
-1994
11789
21339
29020
24345
19212
13035
9567
12533
3678
4770
470
-1633
21616
21681
26849
8124
1330
24334
-790
8773
6426
19814
7621
1517
28130
26848
4909
9693
22256
24689
27077
-653
17909
13234
17705
29400
6548
10221
10705
3242
27075
18126
28727
13237
14627
12280
20124
-724
-91
14088
26999
9010
7308
24866
9846
1009
18546
10091
2537
28446
3380
14446
10282
16161
6628
1984
24529
7089
4308
7572
29039
13487
21776
21448
21549
26669
1142
10049
22331
24831
28401
13659
1376
29717
-337
-812
8397
8824
12673
25462
27575
13440
10416
5234
24721
18998
24931
10645
13374
-808
22920
9434
-1640
-976
15081
22047
27567
21187
740
13544
19617
16079
9337
25232
-1847
13055
-1619
4010
19698
24813
27356
18117
171
2998
15726
11621
6663
6490
12508
18359
-1783
19616
22360
20344
14887
14816
26839
2239
10349
26664
1169
27503
27444
23378
22822
23672
16073
163
19596
20650
14406
4013
3690
3656
3443
-818
18027
24929
27087
26346
22481
22932
14071
20634
1505
22151
22791
11950
-226
17970
13775
10767
27455
24644
14844
19159
23922
26450
10827
4831
11569
23727
14813
21188
21183
16712
-909
16760
18503
27566
9078
28706
3093
15056
13143
-1217
-785
12940
17487
24903
17971
9628
7850
26264
-1832
23919
3261
20012
10824
8325
1039
23125
9071
14901
6444
19192
4777
13728
5111
29344
24174
15496
28415
239
8860
-113
25719
968
10297
23533
28090
18345
29105
8522
28098
3748
12104
12952
2205
15261
418
21849
18327
769
12543
13674
6356
18531
19531
8741
-1497
5983
27541
16010
12368
14640
18801
16777
29517
7686
28731
29569
11849
-701
7736
12640
27021
11757
19656
6990
7387
29051
-709
23878
20568
1942
9049
29969
24698
6445
19737
19637
24109
-306
20828
29716
15487
20954
1882
-566
3161
17406
2358
27527
19543
7375
2011
3525
-873
2203
15230
12221
21146
7490
3692
3593
1479
15263
25091
6526
4869
27856
23936
18742
24834
4157
15717
7862
5589
20565
19469
29514
-988
9797
21281
25937
28383
2326
6757
20417
26826
-1693
19943
8603
11566
29976
4002
29945
18581
-1926
21841
27857
26850
11350
18150
15528
19875
8136
19837
11194
4461
29048
1423
24659
15065
29945
25661
11540
22459
29577
20834
7101
28617
14980
27560
22913
9600
630
-126
4328
3034
13607
18013
1089
21656
24450
21053
18182
9094
21787
-1914
26418
3165
1600
5953
12971
9479
10835
13396
-1208
20605
16632
13534
10402
2281
9323
25045
27492
26399
-221
5127
2648
7426
26341
-361
948
25203
15510
26535
18596
7627
13794
28750
11481
18497
127
11827
4215
22287
16165
4335
20897
4127
15961
22152
5584
28852
25970
1857
21159
12970
18868
932
18604
8029
-1615
9471
18395
5357
5311
18699
17109
28049
1169
7474
18695
115
12763
15912
12009
29081
3601
8487
2798
15696
13222
27610
9856
2958
8603
23417
3754
10397
7371
7271
1024
13948
24366
-1941
18960
840
3539
5235
1615
26769
25408
22566
18221
28218
29885
8630
21523
18859
-47
14756
23862
8254
21243
5646
13940
23127
-675
7657
25644
17568
12972
21321
24859
26090
10236
22056
12744
9258
20810
27419
15865
1170
28885
9852
3240
4287
1084
28470
20506
16986
8844
2696
5739
22451
5142
9560
29832
5830
6385
9924
7877
7114
22734
21166
15147
24607
28023
17196
1216
2309
14686
11870
3443
6200
-990
3601
16365
12642
29412
15348
20331
17396
29799
22293
13438
10783
-1666
2519
22092
24113
16180
2704
17690
2567
16305
7288
-37
3816
12789
29973
304
24584
1965
15465
23480
10838
3324
26268
20108
15205
22802
15970
6151
12509
21137
22322
27118
12685
16265
-194
11385
23400
-1425
15611
-691
27941
27451
17200
12402
15176
10731
9402
136
-735
16957
12721
28990
9116
13348
282
28180
16336
29088
27141
10232
13480
7686
26106
19188
8761
12465
19261
19648
14609
223
19897
-1756
5796
19413
27775
1231
26518
11311
3374
28707
13050
-476
3658
1645
6790
21821
22854
28079
17786
1794
6056
25175
-1644
15716
1609
9955
17387
23050
6688
8110
-394
28345
14900
8850
28239
6887
14195
27404
808
27128
14196
9740
9186
-1107
4054
-1099
11839
9435
-303
4201
4371
2145
16077
5915
12410
22923
27438
21493
18346
25526
25360
24075
1286
3412
7251
9475
5043
4514
7832
-1622
7055
23638
-83
10207
2379
-1827
13523
4730
9889
7062
723
14653
19788
7735
10277
23185
11458
6851
19807
27713
7874
10351
6201
8287
14735
24138
-894
22370
28816
3737
8536
28193
19591
28506
17761
29698
13061
20993
7184
3875
5729
11678
7683
5738
10418
8781
14757
24227
3132
24486
28226
-997
8475
26012
11276
25019
11968
15371
28703
10084
14218
3192
13490
16628
2576
25690
18308
25037
27210
22799
27043
7216
14407
26647
7843
5967
2900
4877
7492
4140
21547
384
11686
15191
877
14704
21612
18061
4140
20271
11774
23556
18442
2242
20522
14739
7815
3991
1114
6246
6174
18696
6349
1125
22929
21303
5298
-1776
29187
2786
7879
28134
21324
22065
3422
22759
29153
-1039
19457
354
18677
20557
4396
1133
13744
21949
24410
16597
25895
14167
397
24119
22388
6461
10923
20117
11241
8044
12761
14770
3947
19206
26359
5461
25668
2888
6571
29924
10109
5620
28708
28854
7152
16934
25797
16935
503
13616
19217
28671
5065
20341
1488
6286
27616
10561
12477
28498
11327
1673
19530
9792
26640
29229
12844
25149
9413
-153
26805
20639
12015
11059
5106
12843
22183
6560
22341
8517
3450
27017
17908
16473
12582
3531
13991
3120
5528
23741
11641
16584
11223
27814
479
9030
13435
7198
28063
26950
17083
29897
18946
6676
29284
7959
-599
22071
27831
26802
9845
22544
26890
-1092
22269
20998
10563
22311
17929
3655
20108
7429
419
2500
27491
-1813
11842
18162
7973
10764
18410
14034
11811
-1570
20242
9735
28417
5157
600
3995
9657
6876
26224
-109
21046
20098
20478
18673
9902
23035
22070
4878
7079
20484
28567
9526
20716
28029
20506
24391
10697
11891
22321
1671
11805
25624
4339
15782
2639
6488
6150
4929
5953
258
6396
1237
26495
20877
29496
15166
12706
28062
21415
24810
23784
14351
16945
20347
26831
19414
27719
777
4523
3325
16371
11812
24368
2528
-697
1854
4321
17812
3500
25885
24069
18420
29237
3556
5255
-1463
4024
6410
396
24939
17348
17598
14416
17522
5595
29720
27626
4646
15334
21198
25601
28260
23010
2209
18097
23432
15495
26419
23884
19432
14185
-351
19209
21062
12013
20407
14995
-1086
13607
2486
20549
-1382
18492
12264
8525
8591
21069
19003
21004
25505
25222
24129
24578
10517
19278
19442
-77
1301
19994
23214
25666
9199
1519
24597
29839
24579
9529
17666
25423
11684
19580
17726
26910
4767
-1033
24397
24459
12572
29450
19572
13538
12684
12912
-262
4440
25878
1120
-172
16230
25157
17536
24387
19553
21125
5037
28347
3332
21158
22253
19135
2094
18114
22354
26919
4063
7518
-1441
25793
11796
24348
6107
2849
11586
16261
20059
15057
16258
20628
-1586
22419
6869
29248
2962
29871
27748
278
25842
1082
6594
22735
14697
26698
24131
24999
6847
5603
-1317
17654
27379
13866
8576
3732
4821
28734
1176
1145
10489
22319
-472
26700
7962
28935
15866
28385
15860
3972
110
28411
28960
4353
10448
7065
9913
12860
9549
13119
691
15822
3497
6074
29821
15711
5500
12305
27489
24730
23234
12398
22006
5810
434
-87
3296
1586
23436
22288
199
6247
4340
3757
24966
27385
22036
21579
1001
1080
2751
14533
24438
1054
18838
9917
17453
25367
20793
-1566
16722
13334
16242
19867
18782
1014
13355
-605
9492
9880
27307
6172
26610
2351
20897
-1000
29423
26841
6011
18479
8477
23589
24364
8820
19408
15137
17912
18680
200
18745
20526
-363
25093
1159
17085
16917
17064
-39
3221
207
1082
9249
-1379
14140
26990
-567
26103
803
-106
12358
4181
2378
5765
20036
3384
12
9990
12274
16455
16867
23468
29578
25493
3489
14933
23454
17547
-1741
18475
19544
27420
15606
5826
5159
23746
22717
20649
-1780
803
21565
16355
16067
24834
11734
28427
8447
24924
519
11193
12730
17799
4711
2468
16678
25254
3112
13061
9952
23624
13249
14220
18821
6186
28725
26041
18212
15492
17812
7542
12923
-353
4348
4011
16344
20416
20091
6665
2518
6864
9220
816
13378
9511
23623
1471
4618
1082
13647
4834
5199
-1048
3955
17891
22579
217
13337
20902
1304
24439
786
12702
21664
5396
26086
2324
3983
17325
18324
-288
15778
11544
19957
12466
27580
9024
15110
21683
18916
3156
-497
9994
-475
14872
450
27723
28642
9326
25879
24995
9569
2670
8351
2127
6815
15162
20292
29000
16676
24420
20283
24475
27607
21546
25703
-173
7353
1777
18743
11899
1349
12682
3970
21569
3586
2174
13619
17835
3645
26158
20039
-1621
9436
-1140
19496
124
9556
27509
24669
872
25587
-1909
14166
23465
6220
18044
10591
28366
27228
6279
22076
16137
22255
6371
28729
17220
3802
23773
28125
20032
19248
6331
451
27258
3549
4435
12072
20328
14375
14068
14109
25059
3808
24040
25558
23688
7733
10761
27148
21237
23523
5764
9013
16727
23575
2096
-1727
12136
8189
857
18199
493
28446
20492
13516
2425
10466
12759
23709
8318
15625
20406
13470
27181
17805
15131
8537
14953
18704
22986
17417
13021
3266
3590
11100
13108
11556
6264
20980
23573
13589
24236
173
22051
-1255
9330
20780
8751
19240
13030
1742
27809
9539
28821
17239
20251
12928
9875
26508
873
4887
16009
-1981
2388
25600
7228
25030
20475
-672
27027
25031
8210
21780
16083
2391
2147
21579
334
26034
7863
12331
4916
21522
2083
17978
20510
-1779
23867
16579
5093
23112
2463
29766
20781
-1597
24915
7747
2798
26748
6526
9950
20455
14646
27535
15145
24261
4147
27411
18163
8046
4614
18695
27930
3656
2982
21022
110
11384
26751
16995
2296
22812
14557
28831
2397
16952
37
11052
4347
16316
14364
26047
20778
5622
20549
7923
27126
7406
25801
19717
8699
6736
2791
-1282
168
7893
2914
2440
19664
25844
20244
22820
9946
-917
4899
-861
26444
9253
25080
5105
12889
9321
5023
1519
5522
24729
7528
20688
20337
658
19566
26435
12081
16890
18651
11891
18446
20531
14330
23831
21416
7715
14296
15936
7525
19022
9428
26439
4286
21279
8603
12827
3551
27683
18378
-1214
21701
19612
6804
13335
26780
-975
11065
5133
5488
22496
3310
15054
14724
15874
3135
929
8811
26932
8419
10542
11819
8710
14259
6333
21552
28731
9968
24448
4732
-1140
18811
9355
19354
15697
19208
1220
25556
29900
9301
-987
-1226
3030
13813
26439
3063
8519
3973
25996
3533
5347
4295
22660
18418
20990
23844
8634
14253
-47
20834
27974
19868
-897
14225
27564
8110
19765
18380
1238
13149
-1996
17862
3743
4615
13662
24685
14117
10966
3769
4665
18605
-1189
11800
19796
1321
10587
9558
7493
7626
22106
21820
23386
7061
29797
3669
26326
27547
11099
16784
3336
-1609
10824
15499
11082
28807
12145
7407
23434
210
25669
11403
14095
811
2939
16534
4218
19174
3495
3968
16553
4749
25231
4803
12492
10434
-657
862
4199
6297
14583
20706
10030
1491
-1146
28949
4946
12911
49
7502
5047
20823
6725
27460
26467
27244
25728
-1245
6582
5781
13001
19686
5183
6438
28596
29450
28154
21088
29837
22871
11486
20855
-1396
4078
1914
16967
17216
2196
4673
26663
6551
28369
4344
16853
7939
12974
145
20322
4615
21395
21412
25130
24393
21789
21810
24538
15606
13405
14152
29171
22505
26271
9879
12984
22833
15565
-636
-397
16203
24575
27644
26789
25612
16847
27886
12457
12573
8015
12229
-981
27103
27071
14395
18375
26868
950
6368
1414
16387
11008
4129
28089
11784
5389
3112
2283
5856
17292
45
2433
11779
-42
21577
20859
3914
23997
3593
15957
17222
19791
1338
86
26309
5488
9126
28589
18171
29038
15693
18074
7371
27976
4854
4147
18364
14712
4207
5404
5438
18867
18205
24123
-1153
24975
5225
15403
9794
21652
22794
10646
14419
5143
9908
22959
18124
11969
13490
4177
19789
26030
795
11963
7631
14514
12302
18071
18060
-61
23466
26998
8855
24816
25577
-1728
8339
21281
14302
29741
2673
4342
1536
3881
646
59
13322
12379
15145
9612
2815
9677
27178
15921
6788
22038
25142
8737
14315
25918
10215
22647
26894
23256
12487
24237
11779
621
13981
20671
2911
7546
22912
23562
16244
14292
7132
12659
6258
18165
-1071
20454
-1854
17895
5234
3154
24146
13966
3960
4294
16359
19212
16636
6360
20013
6779
14499
8260
29392
15105
8478
12863
18335
19086
22822
20923
1794
11248
-848
16694
8281
27899
618
16024
11081
-1965
25601
21227
24747
9494
3998
-794
10066
10857
21145
22897
12541
10337
10480
25152
7893
9042
12690
15087
11947
1318
29097
25286
1462
6998
-985
3458
13736
23703
6787
26701
26943
19863
8229
-1210
16375
27153
6205
26881
26494
18212
21477
24814
1655
28163
-523
10265
5917
28322
5769
27732
29775
18638
26959
28132
8415
2700
7701
291
19740
-33
2305
21044
1310
12170
23686
13758
17897
3923
8099
29371
3082
6468
18166
11107
22264
15919
4110
-140
26393
13497
25691
3602
29646
12960
25212
17600
13443
5922
10751
-1265
15716
997
25808
9761
388
9092
15093
9909
26605
12593
2012
27331
-775
14598
27855
12694
5584
24801
-67
25265
891
17335
9825
14086
14602
25556
2981
22944
23620
-453
3384
3699
1587
9205
21328
3849
24408
12334
22444
-994
4411
26966
860
28138
5980
22955
5590
-1808
7641
27834
19094
-961
6589
24818
8227
22410
3326
10911
1008
5313
28906
11366
3087
19924
23640
10747
28418
-477
347
6715
-1436
14491
18085
13487
6963
12163
11841
26375
7154
15488
19010
17645
27900
16561
3285
26667
4222
15940
8441
7217
5086
7741
7138
2306
11137
-1366
8473
9709
26962
6937
26243
3783
29104
25797
-1702
5069
4900
2181
662
24471
12661
17560
2092
9756
25483
14542
21551
23804
14020
-1646
13542
19386
2839
20101
28381
24041
27879
2655
22771
26731
25174
7375
10225
16032
19628
17672
6071
14240
29120
5437
16274
29873
28280
7387
1460
1662
6346
22756
3873
14689
28468
10941
3735
4265
10372
10433
6928
17011
13968
29201
-717
14434
10079
20079
20286
12964
-470
6081
1215
3845
22388
21048
-825
13779
26301
29342
7401
25069
-165
10832
-191
9087
29381
2966
17289
4052
15826
20767
26337
26210
27391
15793
4717
17704
11560
249
5384
29498
18302
23488
1954
20996
27440
3665
16132
11918
7409
574
12154
20512
4465
24913
27598
24786
13508
-924
24555
-636
147
28568
28651
27750
-425
12482
-1809
10561
29769
1918
1514
1632
10805
4294
664
14234
23250
5992
10633
16337
-180
22184
17024
6521
21754
1779
10236
25170
2035
-1810
7820
17101
27422
8694
737
6400
19924
28953
621
4296
10078
1905
4749
20791
1121
25268
9078
18159
-1619
14191
7700
17836
20964
8763
5543
27852
-1324
24883
5862
10684
21501
839
16859
19048
17097
25113
10823
6854
9862
3397
15061
3157
13544
23506
17078
19619
19286
-736
11692
26283
5965
6483
12468
-1141
8565
4241
14507
6641
9902
12968
26233
24565
24251
9271
22935
10866
22658
19134
10192
21225
1499
5911
16773
27212
7928
11690
10181
29183
8536
16062
22207
24830
22728
17533
3119
12716
15446
23838
-1708
11150
26725
25717
3250
27250
24752
2128
25082
2117
15473
10422
23886
26314
4093
23119
3342
10028
25700
13105
24740
28348
315
20122
5918
29024
18046
8295
14967
15219
13355
25176
22394
29225
16763
29028
2932
8794
16155
-88
5441
16326
15614
25898
22607
8639
15788
3553
19448
19817
23866
29204
26924
-1024
1941
23839
29623
13335
3322
9574
9556
376
-1416
5756
373
20245
10115
6648
20871
-1308
12999
12787
13144
19547
25912
2261
22647
25366
26083
12308
25560
4904
14442
13948
29218
22824
23211
6286
14246
17158
22922
-196
4029
29304
3655
18551
23876
19788
14519
29874
29935
5399
7633
14442
26444
13091
2251
9917
2362
1421
815
26160
19200
22511
11395
18221
8311
16255
4030
17069
14309
17390
8454
3709
4787
6346
11933
2568
-632
8335
17493
19609
-818
13864
7094
4639
22265
14682
16891
2656
1264
759
19652
15802
23864
28722
-594
13372
26368
27647
29203
9072
-1293
3358
16947
2047
18532
4080
17930
997
1293
24910
13230
16703
11287
-1509
15061
9255
18387
26932
18915
18974
5104
20990
16695
14750
-144
13384
11143
13540
7569
21816
15290
19987
2687
20433
2664
16742
21478
18009
29776
29142
21732
7555
11344
749
3079
21292
18076
23646
817
19707
15730
29168
7766
19677
26436
27045
-435
1509
4373
6961
20195
8538
20455
25728
8296
3991
22419
29385
25599
2165
24775
12293
4976
13343
3117
14460
7964
9350
29530
-134
13183
4087
7578
3196
24902
11728
785
16308
21984
11008
18245
19931
26269
23192
23040
25711
5947
10008
6278
27657
29530
27918
25567
12262
4810
4853
15935
24462
13425
16968
10587
13571
-1129
872
18341
-193
28607
14388
6598
6908
25268
13589
20424
27951
18058
7362
11459
710
23260
26704
13837
7140
14694
15609
29065
29279
26735
-713
15217
-1039
6352
18442
9032
9333
2509
29394
22539
19914
11656
10531
16832
15628
10112
14688
9751
14671
8348
28407
28143
29610
3742
18686
24074
21549
27827
13531
22389
16083
12863
26796
4250
26761
28928
19725
3274
17542
11548
19076
1568
10239
19208
17948
24730
4510
4316
8409
15748
28039
6045
1557
969
-1319
15605
2175
25910
15854
5275
11565
21376
20373
13858
4184
23662
9061
24391
16947
13471
19235
24824
10988
12145
8460
27473
14638
20577
4861
10316
14241
8918
12073
7536
27610
6372
21969
26095
18528
26646
29364
828
1170
-354
24529
13050
20448
21916
6570
13130
1998
16530
20960
24850
24772
28841
21758
4319
28004
19024
29029
22290
16848
21771
19287
13730
15799
19945
22555
28990
7022
21812
26340
-1297
-1500
5704
373
1213
2843
2792
17243
18881
20139
24666
7646
18152
21426
12959
1103
11408
18278
25479
6856
25685
22673
13369
12186
21600
3640
15911
4206
4309
21019
5474
4925
22820
791
22990
10942
23426
24672
21409
1592
20435
28226
13377
22601
2228
-1719
1498
21224
8298
19973
20000
6085
12443
12077
8687
18806
11689
2365
6897
25958
2902
18999
8395
29485
23572
17277
3075
2917
19581
29864
14381
6890
9172
29985
6853
15232
-610
11216
16509
18000
6087
24873
27019
11804
21540
5537
23791
14175
23389
28898
21737
22305
19013
-361
8206
1360
1151
22794
13453
28986
14071
24289
24389
26111
21215
14713
12183
24055
12793
17357
13049
10899
27199
12421
2365
3578
6324
1559
14674
10134
20696
24819
11316
25850
29730
3964
9722
6844
7450
23489
17289
7802
18983
19190
16582
7248
2076
7589
22920
16458
3392
13360
10261
19151
11519
15357
5966
24744
6527
20154
19451
509
15005
15872
5939
29604
8909
9784
17661
23571
20292
4201
4438
31
3209
17652
11939
23038
5837
16596
-1841
11619
21327
27709
13372
8751
25211
26883
393
8559
25037
25998
20203
24599
24480
-1209
17155
7419
23502
6013
3595
15945
18949
26719
22455
-1406
2428
13983
26495
6135
28855
21822
7589
29968
11243
24547
3960
5798
3699
12066
21077
7775
8841
18591
12809
12271
14435
1765
12331
9217
13548
22928
24021
23630
9571
21480
11691
15264
7309
9699
4033
15340
23027
15038
13445
14591
6762
-17
22890
4618
24115
25745
18932
14135
3546
3345
10030
11585
22270
29589
14950
475
4110
2635
6232
6367
-1738
16887
29884
27919
17920
15606
23585
19605
9749
5456
2965
12015
6344
-1988
22907
5255
7772
22533
28348
12636
23878
3087
7586
1536
14343
12921
-792
27340
10164
17555
22868
26463
6087
9749
1942
24960
-1253
-1584
8926
18792
17574
22211
22795
23691
3711
3647
15809
-802
15464
29906
1742
21569
22287
-467
18222
21073
29346
16326
24107
12916
14078
8778
17587
186
27937
8190
6969
28716
20949
20797
7820
10747
25436
13387
9028
23234
16603
11194
13445
28016
1023
108
1662
18316
29450
13816
29665
22660
20073
29193
-751
5916
4398
4509
8804
6413
2436
9628
11639
9588
14850
20209
14004
-1367
18228
26465
18038
19362
16845
3937
16618
10823
3774
13829
3594
1447
16078
2238
16008
15708
1054
3820
-1686
6656
21390
20518
19425
-1916
4475
-609
24128
18864
26945
8688
25739
25973
14023
13665
5904
24054
604
13414
20993
27259
866
17831
13868
23333
7387
4678
10389
3891
29243
16863
28888
26018
19538
-1743
14407
16256
26310
7469
26112
7500
26976
8509
5300
26971
9314
24414
10816
21302
10575
8128
7429
3827
16501
4623
28945
13970
-361
12709
17984
25986
18652
5346
19769
19435
5846
12116
14854
27913
21997
16002
5245
-17
7683
24012
7603
19564
21235
7772
15242
10192
-578
23792
9155
29908
4348
21918
-301
20289
-1939
8191
28658
7930
21468
16166
27213
19419
28517
2719
12283
4778
1748
8037
29437
26047
-1407
29730
22881
14800
11557
175
27198
13141
27949
26078
1106
29151
-1698
-284
7194
16804
29896
14392
2454
2984
25503
14774
6581
23879
7625
4853
5460
12232
22396
12291
11282
1577
-699
5280
22795
-1435
1369
9458
-1868
4437
29260
25342
28458
7109
27767
9884
8789
28601
29577
4180
29657
7548
22046
26818
1151
28734
11767
8526
5630
13890
21480
23880
16437
2538
16040
4099
9368
9840
1973
21124
-1927
14504
26875
12214
7220
2133
10697
11582
11196
22247
29731
23957
16276
5471
12445
3494
3034
15771
5485
24216
20844
1391
2586
-254
22567
27899
19828
9010
26610
21430
-464
29916
6020
16706
24762
7146
11757
1605
16484
26615
28687
6867
27615
24312
5018
263
26787
15903
20114
7461
10203
26897
16605
27666
2439
28464
6002
23028
21031
282
11659
5595
8939
-1774
29665
7028
20789
6481
7837
18171
23296
-743
17678
14122
856
4396
2448
27455
14671
29871
3394
26949
19867
19020
1331
24193
17414
16717
5458
26392
9858
12808
7622
65
11585
23758
1042
1941
4316
23193
12335
4944
12195
7827
12256
26157
26354
7952
18609
3630
19531
5297
20932
11925
28367
4830
15691
26741
16744
8813
22612
-1538
-1888
27300
-1958
-1894
23359
12317
15749
21281
5736
68
179
-342
27036
754
17235
9781
27219
18164
26205
22821
13639
6734
5241
1202
3388
22571
28400
2101
27116
4823
19999
8703
-1827
2622
22942
22748
-1107
23536
14586
9310
15887
21621
17835
11477
10716
11716
16435
27661
26257
27075
16271
14408
26867
15269
23271
16349
25345
16127
25029
7420
20466
23622
1211
22792
21340
21663
27879
24513
4196
22367
-198
3306
25694
13629
29100
14191
12749
4183
18726
22995
23776
12517
1092
16789
22767
25276
2681
5975
12950
29985
8938
23145
22384
14514
1444
2193
21092
8523
27699
27701
1592
6680
1881
22539
313
22862
17688
15505
29171
17162
22850
10837
1022
17472
15874
15603
21005
27307
6688
19515
17899
21172
12999
1876
14445
28122
28156
15447
17012
2893
1446
9635
1473
1341
29896
21467
7508
15485
17594
-1568
16590
23647
20065
24598
29398
6729
10577
24501
6591
-1292
9554
5398
21178
14178
26615
26736
11973
16015
7252
24102
21524
28359
17113
312
13548
11925
13629
22265
2796
9396
9025
28420
-95
9829
8425
2159
28668
16662
12710
17566
5144
17476
4591
1236
15783
4177
22829
15187
7541
6199
20859
12845
15814
27815
19768
-1076
4158
15870
14300
7948
25059
33
9799
4057
24240
29289
16033
6616
10552
14447
5508
3171
25745
21487
29802
982
14761
21551
14973
6903
-76
26087
12437
13146
11831
12602
3693
8241
9962
22145
5754
5493
9354
13312
20021
27417
3997
13263
2580
6562
3219
26702
17572
26106
15559
12252
2088
16677
5804
24322
20206
24788
21873
16216
-928
28667
18078
3625
5361
19715
17301
15204
15128
16053
26501
9459
16282
23846
23009
4586
8990
2597
6984
28615
23165
18525
9915
679
29288
2079
3649
-1749
8679
16086
23569
16816
4982
-838
22562
23799
24657
24976
22111
-1403
20965
23327
16960
20349
19763
9143
18037
3341
16500
17532
1900
19124
-1313
9992
4461
18282
28914
3133
1358
19250
27135
29051
2699
27991
28428
2959
6352
11925
26872
8036
24460
-980
16721
22123
23795
13380
6033
28719
13719
1935
29676
9050
10141
263
26477
5881
28156
8693
11653
-370
-1466
6906
27528
18420
22606
-542
18358
12887
19035
4728
18214
22761
12245
1295
28939
11483
7755
17381
13328
-1839
7267
22641
25929
26461
7989
420
12798
10251
5013
16175
18048
-34
7313
10506
21077
11711
19405
13094
7416
19196
16437
12236
3119
22472
24868
28158
29174
372
19722
10523
24931
13949
7124
15272
12602
26720
23307
47
21091
21009
17462
26052
23563
16822
10169
4782
8464
20103
29425
14837
25484
26782
26667
2427
4808
-1728
24411
2678
27235
9842
24451
21152
10616
1560
6465
29751
3356
1173
17041
15375
23911
2680
8087
25460
5387
27127
7816
19776
22923
-694
21693
29025
19959
12925
22453
22117
2646
-84
20702
15368
10435
1782
29472
16730
28804
24724
811
448
17321
4347
7672
13899
15299
5240
20836
27070
6950
15729
9808
15834
19552
7716
620
8603
5865
25717
24198
4065
8430
-1252
9181
25861
3727
4583
26034
3092
9429
8895
20577
29864
1583
23639
14946
24906
2103
21923
115
24740
12763
8987
28162
25854
29124
242
996
20371
10736
24453
1897
14695
12509
16587
10402
10553
27186
23162
15460
8075
-115
25244
17140
19012
12352
135
-1356
8573
18488
7083
-1302
12476
21691
20833
3004
6381
27697
728
11235
2029
26638
28413
3136
8184
5113
16837
21633
121
29799
-1863
12979
15348
7956
21878
20363
15983
29803
2240
17155
16309
5617
20760
3248
26807
23048
930
12986
10028
10596
4613
3201
12519
-86
20556
4456
3745
8688
14799
20906
6040
21012
-434
7637
26019
1689
16346
8770
28733
13563
24897
-18
7691
4541
10583
20751
23900
4535
6099
12281
23330
22336
21890
13482
1934
1453
26227
11639
-236
11342
12375
10922
1518
26042
15504
21396
11566
16461
15726
22928
25232
23178
13416
10035
19173
27576
15786
5882
22849
9892
18780
5136
4157
8358
9870
11860
14834
-192
11229
20878
12230
9257
13221
15015
20002
22299
2266
25207
15725
26465
15865
15317
8324
27288
15639
13108
17475
27083
23200
2457
588
15173
3372
21363
9217
24320
16087
2308
9037
29076
17532
16914
18833
28184
22841
24723
9522
16446
191
4603
24855
12226
28128
10380
23481
26692
24982
16534
6248
21932
15972
7607
15748
82
20757
22741
24970
29726
16462
19189
10624
9045
13445
24476
5165
4311
19931
4248
-988
14140
11460
11211
5457
20845
11045
4461
13669
24686
28927
17354
19669
7994
-1113
29759
17568
12715
1306
16751
26028
5853
-346
26560
-340
28473
21442
20247
8230
16206
9087
12731
14336
29481
28826
17162
22523
5327
449
10555
21733
7632
-1571
-1872
12884
18346
11616
29791
28111
6235
13048
27899
14268
20461
21361
21384
-530
19578
14275
12446
21569
13463
15003
10689
2982
17941
4322
16907
9931
7772
26925
9964
19043
9009
15521
6505
17718
22478
-1437
-1131
11133
11927
22939
20740
-690
22068
9848
9085
15437
12808
20382
2024
17210
14069
4966
-339
14306
15464
8347
3893
22268
22756
22874
5791
21417
22007
24849
23396
9247
4072
2265
-1002
-140
15314
2215
6650
25263
3292
17758
7349
5374
15016
25244
10115
3131
17397
28972
14638
8451
23862
3580
1253
838
16627
2024
24570
4602
21873
25464
22836
29580
21264
8170
7061
14255
2863
26486
2906
1385
24147
6390
3372
20414
3577
6814
20555
12011
16265
23481
14541
13567
28193
8980
25559
10420
13114
7676
21829
12250
914
22386
1835
26180
20043
29596
16858
10095
12293
17269
25901
26648
22648
9539
14802
-783
-1022
29530
9553
-1817
12190
8947
4046
15297
28968
12578
23698
10530
12022
26173
10572
28249
21501
8528
11746
29386
3559
3820
1225
-401
21381
12104
20935
26131
10639
26864
21570
6793
18755
22105
17696
6405
11239
29701
-797
26124
21509
-854
5678
18432
13864
19651
22642
546
23768
25725
-1098
19550
16581
7621
24561
28849
26620
15350
19228
11836
10788
745
6589
28712
11450
12608
17316
24979
8338
11264
24169
19149
13003
1013
24899
22703
2712
675
24864
7979
9048
29824
27270
10920
28283
7436
7369
18272
2200
-1236
20312
4056
25628
28388
28449
4764
21827
-1265
24067
19032
8476
7590
27142
22046
26554
19695
19607
11480
28607
8477
25350
8011
25954
26050
3554
543
18918
6007
27046
428
13246
1180
128
10021
17480
16944
22567
13013
13588
28104
-877
29094
20267
4985
19589
11340
5276
-55
25953
1564
25551
6901
25401
22856
24200
467
21049
19835
9808
-570
15981
11865
12618
1056
18594
234
-59
9927
17428
-406
-1909
3935
18009
6809
27975
19387
13286
18026
15061
6582
-886
13652
8666
25452
10633
7737
11559
24909
14757
5078
14618
-1663
24364
9805
9060
24775
17315
4569
12430
-1081
3673
29429
453
-1321
17751
24563
13063
17271
14838
11677
11880
25222
26011
28876
7247
8375
3814
23493
26915
19693
5141
17483
19351
13678
23249
23451
675
-1538
26698
6117
28676
26126
21303
20178
11365
27324
7892
613
11369
3217
4932
14268
21813
29958
28752
14147
26090
19162
3254
27237
26778
28777
14249
15778
5924
6352
21012
5300
26089
12190
5426
29864
10229
7039
6685
8117
8259
14786
6188
1984
26112
7361
5507
16298
24610
12876
20422
14307
23290
7962
3152
1084
20896
6981
9378
7181
6526
25386
-1743
29541
6938
29376
24041
-811
20199
3125
26417
3049
11948
26847
13260
21503
27952
24721
24335
22226
7425
25690
24575
21803
385
8911
25475
3459
8277
14139
14001
14205
9743
21940
19295
20956
-1828
9480
12621
21899
23237
6393
10968
15845
23610
28356
5007
21727
12925
15256
14349
9163
17501
-1692
6248
436
21924
27789
21907
28284
28800
26142
5441
1075
10072
5041
29895
18208
21358
23269
18103
3481
27630
20258
22868
12941
29587
-331
698
2966
21166
21701
4126
5375
21826
23731
20355
22949
25920
22451
24020
28783
24599
907
18144
4111
18890
-1094
5524
10469
24817
17876
23428
18023
2293
9730
-1497
-1213
5089
29506
4893
25762
11378
21820
-65
5350
17629
21129
14722
7024
14483
15859
4727
5581
23524
10050
7013
17847
7115
5943
17247
23124
26973
9228
11772
21896
10912
21936
7024
13890
16483
14777
10036
28168
6598
25124
7153
1162
16427
535
20858
20645
9895
8426
24217
26741
13240
7363
3848
22933
21607
14539
3888
10435
10899
-1789
4768
26470
19246
15804
3826
1057
17104
16762
6356
25486
-1212
707
12183
12651
-50
18464
993
18924
8484
10659
25115
6143
12083
27516
2962
10539
18459
18447
14046
11490
-116
16344
18154
270
15593
29935
14554
1679
25047
18198
21513
29196
13735
28184
175
17876
26348
10853
11491
3255
27317
6175
25715
12371
13549
8425
17489
8189
3805
4953
19856
24422
19670
20478
14190
22160
23271
14748
25616
26900
3534
-1658
3142
9051
14984
17254
27355
-1904
23589
-1061
16150
354
9647
28163
16906
297
1687
28767
27506
12222
23738
19639
1161
6424
5800
13672
28088
4287
2572
11866
21373
8539
29374
-32
20931
29768
8986
26048
6445
24850
19893
7667
9542
27999
15335
16130
20155
13011
11865
16739
3267
4678
26271
17222
12967
5500
27823
-670
29257
94
13441
14658
12896
7854
5929
-146
8472
18701
-1158
7345
21977
1394
22156
4681
11523
17370
15847
8973
20864
5240
18197
18270
16295
9827
-1255
-1870
25620
25411
2248
13786
1272
27087
6182
25815
26995
5488
29433
13673
28461
9760
19794
20237
26726
15339
20331
12222
2885
3182
4651
7583
1989
25520
7679
27458
28265
12577
25864
198
10307
19379
25066
25184
2913
12142
-1332
13684
27518
22008
7703
1444
12585
25754
16296
25339
13445
17405
738
11879
7575
28282
3772
24790
25796
22563
25312
9180
4736
26760
19876
5111
21070
996
3039
7031
4572
15547
311
4049
-752
2432
17198
5974
19947
20586
419
14658
5112
22905
-1782
29360
14632
25867
-801
20298
25853
18106
130
-1153
21647
14384
8295
938
5138
18912
19574
12758
14720
10534
15012
23282
19618
23118
11258
29107
20799
28020
8624
7487
22822
23685
10607
2555
29491
17381
-646
-925
13491
12356
14900
-335
7634
1447
10818
19261
8872
427
16666
-1750
27741
12412
12642
14000
22683
-92
10396
7142
14835
5809
14255
27460
7964
21820
25602
12446
23036
19911
14549
27823
26606
13779
18400
14945
4135
18428
22461
28883
20884
-1099
18005
15616
21661
874
-1403
11307
22611
4109
29113
11810
10619
24417
2433
17226
8272
3021
16283
28755
10498
11358
19173
5516
2704
22391
21008
28888
22352
8631
-1206
2988
11435
12054
27096
11186
-1464
6098
17735
14091
25579
23225
23321
15601
13233
22348
20747
7417
18113
23815
16696
12815
17627
16312
6647
17746
20944
25889
23301
11969
-413
29261
11735
18918
25263
17534
-1786
18539
6653
19571
20653
20078
16000
15464
23797
23088
21381
28680
11142
255
20718
12322
21654
11601
7001
11553
11373
4063
25202
6714
29637
1950
18296
28128
2811
11203
24677
29099
21058
14304
3990
-1674
-1495
27566
7702
13911
23047
5804
17774
15103
4557
7693
17421
-753
16546
23206
3134
20211
9039
18883
14043
24887
19549
8141
20007
13467
4020
29721
10463
23275
8064
18084
13066
14160
9714
1173
3232
29903
15794
1112
5027
24382
9083
-876
153
9348
19277
-1200
19843
26561
7434
11817
29307
17614
2998
24974
4490
7804
26477
746
18206
20259
2802
29324
247
27197
8871
15154
8575
11084
17388
18843
21987
21656
22576
14993
13216
5604
6834
21477
28986
10595
11665
19152
4902
26140
11256
28781
10237
1365
12508
15286
3656
7687
18955
27041
7559
698
17807
3985
27919
26398
19924
17863
21706
24322
9391
6107
19051
-1185
20626
14462
10570
10409
4037
8477
27469
7941
-482
4153
3370
6483
6159
10993
9127
4604
3947
12863
16551
26877
22663
5114
23530
18422
-1432
5211
27542
5958
4557
17323
13385
719
26529
2612
25379
2987
24971
22312
5524
25779
9404
7576
29102
5807
24409
10358
21569
29704
26289
15447
25388
28814
6849
6400
11664
6581
8013
22157
18028
28873
25761
16645
13265
16565
9451
15347
1593
7776
10684
17831
-1677
27782
11188
12693
3752
3264
11640
-1730
7566
19271
21813
6942
1524
4150
22833
1103
25528
13801
25062
14934
18134
10451
18496
7884
12199
27160
21440
10656
7747
7732
7156
5331
26418
26802
5856
10542
9288
13431
13797
10766
-1370
5738
1138
8985
18440
15170
20811
4532
7428
27903
26615
2020
6705
23187
16059
16454
18286
26472
4048
26911
27354
8058
8437
18334
3966
7848
-1950
6180
20258
11215
24518
24289
13924
12238
14290
8432
13521
11415
3604
29561
2693
20160
5068
-1362
4273
-291
5574
8162
14120
25621
104
642
19463
27592
9431
4581
29651
25992
17107
18020
11611
19864
27079
2704
6586
18142
4079
11738
22822
18238
23846
1804
2398
11138
28652
28095
24160
9846
12021
2115
25025
21042
1886
16220
6939
22114
9582
-896
29741
7807
29570
13000
6697
16873
29011
19557
13638
13786
24411
-919
7064
17167
-1780
17433
-735
-1060
17816
12056
2676
9335
6225
4887
23666
4023
8509
117
3188
1053
26939
29977
-501
29269
22622
26470
2068
3428
18302
-1569
12920
21363
28136
-396
-368
7671
6810
11796
18190
22212
9915
20977
14008
5524
14667
29700
812
25804
24179
26507
6700
2918
8860
22545
13936
15041
28894
26940
19169
1780
12459
7278
21835
18935
20821
11915
14468
5668
29147
13129
28
28317
11444
13482
21380
3473
9983
6348
11174
819
27917
26251
17816
16672
9334
26045
12565
21136
28145
26898
28397
2573
-1572
6756
24786
26037
26148
10437
19210
10723
5358
11950
12483
6432
5198
-93
9176
12929
7686
18067
7292
9370
5503
2938
20058
23898
17261
7509
16780
15411
14139
8669
623
21118
19641
28767
-740
8780
22592
19224
3995
5321
8269
7892
8422
12712
-1504
26951
-163
13535
21738
14781
17763
12798
8353
1558
17125
28940
1839
19935
16050
9639
23257
23873
16817
19281
24394
1219
25384
21534
5654
-1509
8060
1283
28507
88
17025
6359
4188
3548
3412
747
-1128
11938
24382
7398
21219
21865
14092
25782
23686
23218
3680
2562
21003
19679
13317
28694
12436
11973
13564
5216
17769
18414
15702
8437
-477
28163
26139
8724
28052
24144
-1720
15770
19559
12532
23822
151
13720
-360
9800
14835
18504
15994
23896
25235
17161
26309
27664
19701
17504
27748
23766
5164
9105
18207
12321
18936
15919
25798
5861
28071
12930
-1697
-1405
-1125
24416
21662
9851
6270
11700
23499
5542
22726
10784
12735
9697
-669
5095
17757
7809
21275
23282
6452
22886
14366
28987
19252
26505
11747
13882
14956
27313
-780
17151
19985
21341
28364
18709
26901
27197
13771
1246
17402
5923
21503
5794
-559
2432
13664
19687
-1814
19723
-1370
-1924
7786
11996
-1691
28906
10541
25184
23754
3651
29618
2571
21415
5745
27021
25906
27181
14803
27427
20024
26776
10133
4032
26782
25812
24708
7072
19373
18469
23478
20217
16872
16357
18894
-805
-1401
7766
7580
22496
22800
13867
24526
-794
15242
26317
-1745
23103
18016
27052
4049
25070
24236
18922
-1262
24380
29886
3383
-267
21651
28561
1271
2081
17133
14359
20458
3394
6776
9281
-1066
1580
12962
3245
15503
22978
10101
5386
3869
8746
6889
17283
19038
5448
27160
25307
26756
28407
19910
414
22808
15444
372
1567
13431
20434
9083
20534
4650
12425
24704
27839
14350
28139
20883
109
27733
-1233
15123
22712
-119
20772
16888
29993
18893
6629
12699
4030
24282
13736
11124
5997
-1812
27843
22538
18618
11240
283
12063
13464
21831
26705
11700
17849
27924
-692
25624
10309
4501
17164
11629
13240
24723
10462
22634
21933
22028
28576
15849
24574
8554
27393
16405
17960
15475
-764
9162
29464
3954
3374
22912
10242
22937
899
15767
-905
15053
10764
22389
1108
4885
19835
7272
16023
15894
19680
16052
25090
21493
14632
4249
25258
28625
23065
5248
18299
-658
10018
-14
8860
26779
28641
16035
-901
17556
24583
9187
8240
7039
19380
15998
28109
1695
6399
-416
8528
667
27911
7049
572
5811
29667
12485
15535
25116
23277
15858
6582
3234
11522
26340
14276
3567
27406
14708
18402
14362
8584
24568
2512
10708
5620
21562
10762
18452
17417
8701
6230
1426
9439
6359
13395
19691
12096
3675
26996
3402
28735
13639
8558
-318
15266
27833
18594
9025
29182
27071
21726
5939
28675
25852
-738
27221
8614
-1685
25375
17199
26972
305
28751
13389
14803
1096
14944
20612
25752
8287
29220
4371
5128
9261
4655
12700
21115
-1602
25576
26896
6971
18203
16770
23706
13459
14849
3745
14190
16599
19551
26650
8243
10565
29402
9637
13193
13250
16768
11358
8618
19102
9748
17388
27353
4115
15827
5365
18523
13021
18675
21268
29394
27567
28286
16237
-665
7039
18176
20898
25047
26346
23773
2048
5178
11163
14436
3055
495
16476
14050
16882
8345
20648
10705
22645
2252
21518
22513
11780
28186
23089
8479
1676
19093
16668
6546
2506
29475
5510
26764
29773
5947
20503
1128
3981
2580
27544
-919
13995
18245
13792
19400
26792
24959
17298
6993
29176
10968
11951
29125
20641
19671
15124
27217
8728
21016
25889
5881
27336
27174
26774
-148
9068
25635
29997
19567
4344
-892
17029
7625
17074
20595
26908
14784
16650
23930
10428
15555
27505
2152
16749
23971
26079
22754
23289
6736
14430
21617
25379
2728
9216
8892
1365
14940
1615
29548
29903
4026
24481
-788
11648
6226
25594
11960
15094
12834
20808
22095
18332
28373
14209
2839
1059
14392
4467
29512
15723
23558
17852
2183
14773
18625
7210
5566
5240
5583
9648
20894
8012
8164
20174
10669
29552
24824
9311
23596
22675
20647
23626
26787
25088
5005
15378
-917
29889
-1915
13975
16224
25904
16096
18231
26947
12744
17092
17085
25044
7313
23515
28500
12564
10277
15414
10837
26912
11373
21092
1098
25988
2521
1238
23245
24495
21649
22115
29883
24324
29753
21714
22887
1072
7327
6618
10274
20282
13474
18321
23485
9778
5923
20130
-1891
29917
25307
27041
1872
19531
244
22807
13030
29849
-1860
15642
14626
8080
12519
20458
28513
947
2826
12663
1728
12623
928
29313
2891
3664
16001
664
9138
7960
29132
-1165
1691
3815
-1494
26772
16574
14144
15293
25161
6
25945
12418
27024
14233
17394
22886
5473
27545
9574
22857
17788
20453
-1877
23255
5600
18832
8011
19935
195
4802
24353
13426
12326
8979
4622
11096
21192
9977
20889
28991
5115
19257
21287
23476
12988
20301
-1826
12357
12057
13644
28125
14514
27163
1158
15673
26359
17080
6157
5386
20150
26498
21850
26033
9938
3606
21356
14696
-1348
23207
12008
9658
5266
19714
1150
2066
14854
11590
25203
25377
27536
20267
6975
122
16441
8623
27784
2806
22483
13195
14519
9861
15319
12223
790
11490
1878
10243
-1440
308
-604
22007
26333
29344
19307
24243
8876
12308
24849
27780
-949
16147
17672
25847
27107
29909
10867
9195
-13
7055
11471
327
9398
111
5097
-538
14788
6902
16047
29295
8128
7084
16094
17603
838
23992
-255
9112
12138
10684
1070
21185
-1397
2230
26472
2941
20342
24748
11319
21456
4381
27010
20253
19525
18833
6030
26539
5206
4460
24769
27760
23978
26485
-18
11784
5551
9634
27046
24738
-514
13096
2429
857
20435
4137
22200
12579
2826
27518
29072
6503
-1175
15472
28729
204
14397
20751
57
7182
22416
2983
2328
-912
10190
26811
15698
7972
27738
26287
1893
1225
1556
-1192
29317
3943
20100
20451
18884
13390
16078
10079
17037
15107
12439
-1071
-399
9333
14689
18870
15665
13902
22359
22241
20608
911
20872
27170
2741
13923
7611
9278
11007
28860
6134
11297
29769
18569
23220
21193
15689
20077
11776
28213
131
-12
4483
4291
27163
21283
9890
21465
14496
23188
2331
20934
10174
3904
25451
10112
13993
4905
20813
19763
5448
15734
11554
12365
18645
18240
16961
25461
6784
29509
2883
15197
4687
21285
16750
16562
28215
3665
27095
675
18410
3234
29905
18275
1005
29956
25782
-1969
6366
-1519
2566
2241
128
25635
10152
18309
24920
21182
13167
13765
13503
18083
17242
9665
359
23543
10498
15461
17994
21066
21172
591
-1298
10165
22590
8736
18633
3422
23009
6015
729
14532
24196
6018
844
27539
14651
-973
1376
20834
23749
15812
1985
28632
4567
15391
19439
29628
25160
15912
9807
536
7114
7851
24325
17063
24120
5578
4275
25220
13264
14588
16299
5183
10548
12042
20966
5171
13018
28616
18269
16567
17167
12344
2567
3067
4516
-271
-1382
706
19453
13753
10587
1153
20127
22216
26982
21532
23148
-109
8272
4501
5714
8663
-206
5639
9588
5923
26383
18097
24986
25988
12750
26104
23546
5606
7173
18287
1120
5068
8030
9615
19592
15595
16311
11430
-524
15671
27471
22366
7715
871
3186
21890
8357
9881
21855
12001
8809
15063
8793
25158
5423
15934
15347
15382
-174
28644
22776
-1198
26126
11867
18158
14521
-793
12202
13427
20638
8992
29324
29966
-1632
25248
28146
20960
18053
4912
22644
6394
3686
5500
22152
6868
8345
-567
14100
16407
23864
28244
8208
1382
24383
13220
-224
280
19449
27905
20138
13011
20886
-1517
18560
-932
13982
29545
22477
4594
12374
23648
16436
25650
19421
16928
25369
17888
1679
-1520
19482
14589
4688
22048
3396
16777
25408
9519
22178
19091
14209
21290
6384
16757
14499
26991
27931
17400
13974
12576
18847
3043
26641
-1238
1992
28220
-765
17688
9722
7490
3524
13626
0
29065
4208
26529
-862
24628
9766
16395
10094
24694
20666
29706
26657
17155
11974
9728
29245
24717
10196
26520
20350
17809
22729
13397
4283
27836
19999
13683
5993
25895
24571
651
15035
1503
28324
11358
17842
28937
12916
10021
2974
20583
8870
5722
5587
2166
-381
15596
1672
26245
5364
27489
1236
19655
6634
18593
20428
16865
2317
1131
18552
24489
27971
19147
9216
9737
1228
3810
13632
22300
10796
3957
16126
2951
4889
317
26756
22879
942
23479
17056
22685
18465
19927
16412
26032
4658
11806
19179
2063
23064
6038
1969
9645
8062
-1468
8534
250
22176
7808
-876
18369
21890
16910
28992
17552
26364
8048
5784
15829
19116
2077
16135
4125
16311
14974
15565
-143
2821
16168
21215
9087
5650
12562
1921
21593
10754
2516
1124
8687
401
28475
2047
-1877
29833
22267
17563
14749
2033
21936
802
304
-1538
9851
-1476
-590
29651
24399
8480
25139
28299
1527
18040
8337
17367
13577
8377
8628
22186
7737
21635
14466
29020
13305
3710
16100
4653
2583
20737
9372
10282
20313
11568
8089
8556
14926
9612
29289
23349
14128
22447
29862
8318
251
14834
23837
2906
11627
6371
7124
15441
2217
-507
17480
25366
5094
-1019
6726
1418
14722
13627
29023
10130
12716
10391
14046
14644
21802
5676
19134
4074
9927
5104
8838
11023
24778
13113
28075
8460
13408
1993
23184
3244
19155
227
25753
17414
15730
7522
13867
28864
-1626
15018
26319
6288
6034
13723
7862
27831
21293
12302
9771
13969
5004
14755
21455
18168
1584
8319
4345
16134
11270
17057
23436
9081
23541
-1818
28977
3129
12740
6344
28631
14480
22267
-1744
-1122
18512
12171
29104
2087
-97
18826
-1508
15250
-62
3164
22668
11473
9990
3986
5266
2568
27532
4068
13890
8888
21471
11044
27461
985
1214
6413
1654
-1327
8675
2423
-1830
19421
29012
-348
5778
15682
20204
9460
9897
25115
12147
14177
-484
9680
7910
3598
29291
8472
24893
751
7943
27993
7377
25111
24222
7795
6569
28682
-169
20414
8751
24434
23991
28235
374
12906
26941
24171
-910
11561
25000
15116
3
24620
6366
10824
16756
13764
21418
10774
7653
10057
18762
27300
25572
15217
-339
14339
7530
3930
25503
4414
3476
2288
12358
19665
24896
11591
15057
1539
25507
15562
27983
2618
16932
10503
15030
5404
20777
14384
27735
23801
8217
22361
18334
27938
-1574
-22
563
26104
22368
14377
9806
3543
8030
7230
-1700
2847
4568
-1235
19909
-318
17310
9888
24434
-92
9975
26903
-613
13805
8640
20489
29372
22246
23057
15375
5432
17446
-1398
8805
654
29963
43
1815
27922
-1203
23529
18397
15204
6399
1858
7761
18662
22372
29495
12814
2459
5452
27495
19631
19779
5978
811
26677
-1987
8572
16110
20969
3674
-1596
12817
25543
9249
-33
754
4259
11952
21143
3020
19009
443
18232
27139
25801
19571
191
13157
22155
12467
-1622
15362
8644
23647
29869
7989
11623
-737
1332
13550
28864
20279
-815
1820
13
26668
6301
4020
487
10769
12140
19456
18590
8291
15494
18894
1912
4035
12098
2392
11834
23019
12653
26170
15821
7513
16792
15585
-1568
3971
977
12562
25935
27147
16610
24210
1227
3685
20677
5404
16480
21477
25580
13281
3063
25863
18988
9707
29620
3404
25331
29433
20870
12079
15748
1116
22587
5053
2556
23469
29161
13153
27433
21080
3537
26260
2055
24034
26116
14525
838
25556
28822
15195
11963
1619
13487
9791
10083
16749
-1733
-434
8279
2950
11517
22576
-683
17882
28649
27968
8210
22304
9568
8315
6330
9124
6949
9383
-1778
25588
16246
28420
15805
23670
19705
8947
17578
-1016
15700
17307
19335
-563
23325
2135
25793
14065
13181
11890
29089
2373
-724
29067
12419
15902
14672
29381
25186
3943
4451
24460
-60
2913
11872
15229
3926
11607
29873
24728
-108
10061
-1919
17605
4500
19207
9731
4746
28501
7219
13324
6513
20089
14067
22928
7642
17377
5188
15104
8970
5488
23400
24895
11392
15548
23837
3237
22530
22411
2512
22845
23189
8221
27337
3291
18939
2553
20360
17919
21571
21963
4669
24815
24840
26208
10507
20432
-896
1599
5109
16462
3847
6889
27586
24475
13514
17260
16994
5980
-850
10214
6126
8995
26396
21469
24947
27607
18674
21466
19994
132
10767
29094
12262
16981
-742
1577
1185
6626
23590
4039
18413
5884
1543
29414
14315
13481
22264
110
14073
5617
23200
-1456
3451
1585
14855
7346
4548
12491
2962
19937
23088
592
17730
13993
8343
9587
12426
1233
20647
16133
28385
21394
19459
26011
-112
25122
27587
4658
17641
3870
28301
26134
1142
10095
19735
21
26126
2432
3807
11444
27386
10940
12141
8408
23768
5332
2674
327
25903
2594
6969
9259
26660
2158
18389
17912
8966
28767
18116
-777
73
20915
18447
6761
13102
996
26705
1798
16929
25297
5371
7365
1593
19770
412
13396
763
18154
27305
28948
10213
29212
9085
25424
13411
17690
18168
309
-616
16192
8016
19088
24516
4210
22969
28393
9628
14848
26025
18546
27644
16863
19848
9911
11341
14366
26
530
15502
20429
3882
6206
25192
-848
22494
4258
11698
11679
23974
28069
6920
13896
26771
2264
10645
-110
1089
9191
22120
22470
3441
5051
14554
-1317
22394
14109
13910
15159
6365
1769
14436
8053
21273
13870
4332
8089
2372
25846
13126
2840
21470
6721
18204
17694
12485
7056
29798
20749
18434
1957
221
7292
22764
8754
28078
22922
12183
6979
6863
2139
19198
19273
2727
11083
19696
26238
9782
12883
-407
8466
22836
16613
29397
3939
20716
19681
9656
-1524
23050
3015
760
19260
22910
17519
23549
22558
15567
22634
28394
27722
19293
3034
5603
9210
16467
2182
26269
-1735
-1400
23844
246
21810
13340
18140
23168
-1947
-79
29006
26364
7501
8851
25453
3018
18775
9823
16710
1424
-1482
20286
19953
5358
15024
10974
10319
10068
1624
2270
3971
13122
16150
10169
25528
21692
5349
28526
-526
16069
10253
-1148
28407
7182
6241
7046
17090
29923
28432
24671
8015
17620
17300
3010
16264
14985
23956
4533
13627
17731
-1914
13167
23073
28280
2077
-1322
17082
842
4658
15410
25618
15247
16373
22060
6816
13890
24246
18104
6613
-1530
9769
16259
9857
19886
22461
12450
20637
15412
28658
15729
25037
16526
11464
5769
25481
23915
28573
26994
6100
11334
7629
10688
7781
18944
15298
13256
393
13099
28618
21352
-608
6955
-38
10190
11215
168
3631
9258
26399
2912
28755
21803
20780
25783
26120
2710
28201
21384
10302
2123
17015
17518
28682
14741
20158
20843
15691
18296
26804
26615
6940
25121
29567
12362
3629
13417
26935
-764
19891
22578
7053
18852
6794
29132
20316
16091
12977
-78
27205
-1783
17661
24418
8366
14612
1998
22205
17964
24127
5822
24418
354
25302
14030
7114
5311
16520
2455
9497
863
1019
23773
3425
3874
15799
11091
29309
13717
11744
1991
21358
3710
905
12035
-963
11299
16093
6966
18924
24593
20472
13356
23410
23424
12485
25375
15077
2088
2514
23322
27866
28896
3776
1360
20208
7813
4692
6682
16315
12363
14826
23665
8858
2727
-1483
12713
12996
18390
4388
26391
1791
460
20624
21978
6740
2419
15399
421
9967
29712
28251
18078
29891
9019
3465
10948
21970
21188
-595
-1862
6049
23020
18402
16115
5185
20838
21711
16185
25102
25367
14666
9888
19024
4456
26898
9372
10277
21195
8082
24150
29818
9695
14474
13112
10023
-1485
3656
17440
22865
12584
-1377
22741
-1104
7455
13339
3957
9354
12082
29479
12031
10092
2049
12677
26484
19211
27683
29622
17437
5697
4524
19692
-75
-1807
15426
-1972
7547
13526
22476
13553
27341
22415
565
13497
15556
4061
16757
8458
19847
245
26088
19882
2473
10732
11998
13330
5249
26489
1553
6821
787
3207
15882
28849
8657
15853
19050
12250
13044
14643
26696
1163
29070
21157
-1224
4313
-649
354
6093
20873
18989
-1973
14630
-848
17334
14078
10890
19417
20570
16723
16774
27824
27236
18516
11376
25614
3325
21484
462
22563
17107
6436
26478
-25
27488
12987
19482
9231
7490
1670
9727
11365
27063
3709
12801
7064
5159
13732
431
14748
22314
25507
3201
21220
9926
10496
12389
12604
15303
10108
9632
23956
17670
21597
2016
16868
19480
-1397
-761
25128
4998
8203
24418
18313
3490
22581
17599
8632
5694
8903
26809
9800
28432
7768
20972
26121
-136
14827
25958
17126
21204
22991
-1749
17607
11541
8143
12926
10566
24596
3665
21680
24998
2325
19317
23989
26895
27371
-224
24077
14133
28728
7358
17990
1336
24965
29714
23510
19002
-1433
5881
22852
20804
27625
29023
3483
9768
13906
15073
12196
2682
23230
15424
1853
25943
-1565
10986
8934
11231
10512
25003
9961
23153
25422
27582
21158
7716
-1561
2563
16323
1867
25232
19108
29506
27359
621
20993
3385
11898
26156
13421
2735
9766
18217
7499
22526
4357
7831
19614
-1131
6985
26521
-807
20490
1275
16990
17732
3559
7150
15751
14757
27265
13189
27364
-740
28093
28748
2390
28495
7069
7824
-641
24643
133
9471
13626
18992
28714
20630
-159
10508
4913
7604
23687
20048
15158
21514
1918
15102
28656
4575
14643
-794
10186
14558
7969
17188
27851
16778
7697
15882
27029
10025
24093
24604
26600
24344
-1735
-1235
294
5649
20850
10333
23385
28977
15995
4163
22576
23210
14351
27945
25792
5167
20939
17410
8622
18550
24080
-1008
16794
24346
4277
26626
29049
19549
28876
10545
4645
16021
9499
19374
-1068
27500
11639
27444
25824
22288
5417
24213
17893
28164
2202
7819
4377
-1005
23175
16689
28666
11951
26432
4589
26149
11479
15061
1457
29219
18474
29841
23440
17301
28659
9383
2199
13011
-1370
9661
29589
27803
12344
-1886
20747
8677
-1371
2010
26105
22041
26031
13643
25635
6227
19307
10778
5408
4925
-131
14646
5653
12807
-1154
12953
24631
26544
24083
16375
20206
21168
19659
28675
16963
27122
16236
15690
13397
202
22305
22312
21091
18644
23712
21652
7520
3423
10698
21973
18774
24608
19045
-825
653
1856
1972
20620
590
-190
16449
24533
12780
18571
11430
26357
4149
4939
14994
21075
21595
28542
15478
320
294
8645
13678
17443
25764
21069
25027
3882
26358
3650
19482
15222
12126
3721
28883
23592
13691
44
19344
693
5621
7967
-1463
18372
17655
19809
21700
16345
2043
13695
10423
3125
18361
6996
26254
22608
2722
2426
6745
25746
10294
7493
18725
1693
18028
2267
29520
10011
13450
29340
16720
20578
13119
27468
14836
-1934
5903
113
4066
1208
17695
801
16974
-601
-1599
10690
21000
1905
19612
10503
9675
6404
16649
28583
16310
18132
24141
24936
29362
8248
26921
16612
28240
11913
2416
13890
1050
14758
21833
22808
18830
2054
7896
6565
18442
7972
966
-718
20166
2825
1529
6705
26858
14965
6058
11943
24194
10691
19905
16212
13786
22647
15086
6183
23128
24428
9166
28587
-18
8566
404
10240
12935
16881
7956
20029
3791
589
9810
15667
29280
9887
1141
19377
15847
25830
19797
25037
27606
7076
20645
-24
10106
23953
15344
4390
19857
18857
26367
3573
10785
4719
15626
22548
9171
13977
8842
14577
-608
19054
-221
5621
23237
6962
18525
20723
17757
19224
23751
4946
26923
7370
16513
25168
4083
29583
18304
29147
21649
29443
25591
11781
22109
11493
21710
10602
10750
13587
18560
23213
9586
10198
3128
12962
70
15940
23663
17978
29184
53
2034
25581
-1468
-308
13739
19052
1199
20525
21996
3508
18825
27194
24549
8388
23595
29940
3204
-1015
22298
21471
26359
-1651
3919
10546
18602
25701
22922
15284
-1388
15673
18055
469
6901
2186
-1203
17446
27980
2812
6635
-1313
11859
13864
11899
29691
19999
14961
-1157
26177
12309
3283
2366
3577
22950
4797
23941
1983
20084
29342
6633
8449
4288
27227
2418
21055
25729
16479
848
14609
18606
12510
3840
361
15592
15950
23615
21933
16041
13825
933
10001
22450
10632
21142
-538
15477
26906
21161
597
28224
25241
23264
23584
22963
22905
5236
22897
14477
28018
15838
22575
18378
14825
22632
19566
3926
26341
7838
26565
7005
3739
18301
18937
25981
12265
20253
-1061
26968
8088
20743
27408
1665
9461
28488
1176
5419
3316
9294
20363
16673
28770
20115
26109
9248
5608
1699
4875
21004
22019
14905
13042
27690
28556
11281
293
29410
27980
15875
-182
9588
18241
25109
7273
18429
17880
-302
12628
2296
9483
17276
16248
8113
9718
17709
25203
2429
6515
4476
-290
25441
805
22661
16148
17720
6236
18889
-1218
19080
9453
19720
-832
18987
26670
22014
5385
26198
19043
28026
-1032
1957
23172
-1245
29494
19817
16987
2715
21410
9803
9249
8906
17471
12304
5045
7415
28643
22173
29702
27641
23619
10361
3344
12581
17200
23224
-405
-953
13113
4156
8224
1019
15923
26651
28247
15824
5376
27980
10505
8907
18133
-907
8440
4163
27214
17331
4143
10285
15962
26784
6338
-351
15480
-1754
16170
18964
28566
545
-1388
15337
26751
13999
5912
24571
13701
17736
10708
26972
582
1550
26797
13194
26356
5749
24791
20301
8046
5798
10329
10890
18289
25812
5611
28089
2631
9744
4564
29601
489
5694
7270
6065
29036
5259
29382
3998
-1480
21442
14032
6135
22398
2938
19472
8055
1417
15767
25050
6245
10506
20633
17019
22721
18253
28858
21975
22159
23845
8075
13722
24608
3949
10709
26021
15563
5138
1055
29337
15692
1204
-291
1917
26674
22023
9103
3116
14195
13503
5870
25044
18214
20925
21926
27570
6644
17520
453
13508
6722
21867
7903
19934
4891
80
7520
22677
19980
21788
22176
29948
7385
15962
3484
1536
11518
11969
5014
13216
5366
29807
4980
21108
24294
3241
16050
13929
16983
-1330
11835
28482
18061
6344
1636
17869
22418
7689
10733
5569
6550
14758
976
15908
5050
-1020
266
24313
29121
13269
13342
11816
21959
-1473
23396
13513
21672
21815
23670
16451
7563
18723
-1967
19123
302
16543
-736
5520
5392
1788
13159
2848
727
-1122
24318
7469
11155
10529
14136
11932
21960
20251
6717
19233
189
4221
13757
29044
5322
20943
17218
7516
23589
1500
21766
28699
8635
26577
5441
28001
23885
21442
11314
18700
13322
12085
27812
24915
18907
11480
27105
26228
12125
25497
29069
25493
29740
2923
4043
17885
10345
-1824
5239
280
24877
20604
24698
11198
484
22836
13107
-660
9456
27502
25751
11027
8352
25131
17174
12809
29518
8432
7579
6277
25082
29131
23233
24587
29396
8626
18592
7354
18403
25560
9628
22770
15417
10373
20128
13833
4541
19207
-614
11752
25818
20821
17042
7370
27912
8849
27403
15400
4522
8042
25160
12234
8998
21314
8705
10977
8484
3476
9239
22464
17416
27631
-959
22703
21419
26302
16185
24561
12069
9103
9740
5120
2964
17301
14806
699
13797
27253
22230
18073
29182
15987
5288
4365
4635
-511
25260
1986
17930
6129
19067
-541
-1000
10660
4033
9196
11475
2195
19890
4026
23594
16665
21701
735
29085
13395
27794
16841
23679
12977
-862
21945
23667
13657
12384
2794
936
29887
16445
8343
25375
2323
26098
12049
7125
4189
9275